----- testcase No. 1 -----
 -1 -1 -1
 -1 0 -1
 -1 -1 -1
----- testcase No. 2 -----
 -1 -1 -1 -1
 -1 0 1 -1
 -1 1 0 -1
 -1 -1 -1 -1
----- testcase No. 3 -----
 -1 -1 -1 -1 -1
 -1 1 1 1 -1
 -1 1 1 1 -1
 -1 -1 -1 -1 -1
----- testcase No. 4 -----
 -1 -1 -1 -1 -1 -1 -1
 -1 1 0 1 0 0 -1
 -1 1 0 0 0 0 -1
 -1 1 0 1 0 1 -1
 -1 1 0 0 1 0 -1
 -1 -1 -1 -1 -1 -1 -1
----- testcase No. 5 -----
 -1 -1 -1 -1 -1 -1 -1
 -1 1 1 1 0 1 -1
 -1 1 0 1 0 1 -1
 -1 1 0 1 0 1 -1
 -1 1 0 1 1 1 -1
 -1 -1 -1 -1 -1 -1 -1
----- testcase No. 6 -----
 -1 -1 -1 -1 -1 -1 -1
 -1 1 0 1 0 1 -1
 -1 0 0 0 0 0 -1
 -1 1 0 1 0 1 -1
 -1 0 0 0 0 0 -1
 -1 1 0 1 0 1 -1
 -1 -1 -1 -1 -1 -1 -1
