100
3310 138
4815 351
2167 1618
2650 3320
392 542
3316 818
2138 3676
1095 671
898 1194
1064 2240
386 79
4267 3052
4541 4249
1555 4009
1153 1592
3006 2476
3773 51
749 3541
1437 4402
2535 2761
3288 3656
2410 190
3624 3018
3362 1038
2527 4880
3650 2956
3351 2759
2072 3301
1759 2035
1847 3326
1438 2726
2202 1429
4324 2257
922 1553
3111 3246
1886 2266
3790 4260
621 1823
4366 1840
1377 641
1325 4308
2466 2900
4208 4344
799 2445
1966 412
2147 109
1618 868
645 855
4850 4183
3988 3879
589 3752
3615 2386
2595 2273
4359 1341
2462 1090
1727 1723
1976 2819
2666 4673
1682 3106
2608 684
938 2808
2325 2140
4080 3047
3210 3864
2567 1662
4933 2338
2825 2525
1432 3762
1410 4443
340 4048
1282 1585
1596 986
1806 1608
2407 3647
1895 2495
2062 3391
4122 808
1196 2628
1959 1762
2986 2682
4647 1603
2904 4034
1872 3351
3011 1195
888 613
1798 4983
1488 3262
3559 2416
683 3041
2411 1786
2917 3354
3194 2557
266 431
2485 3704
2055 8
2966 561
1838 3300
1195 989
4439 1247
1021 857
