200
609759 411039
320173 616876
122406 99629
402130 161899
663893 526509
710536 436142
194001 474103
606947 477800
790504 541338
580320 605652
651905 242844
275278 351164
597194 127845
16631 651515
438886 540613
339667 465264
346614 290336
795430 485466
748779 195147
651989 668973
711025 106804
521405 54578
342313 234809
698059 707726
805933 296869
881611 190108
221919 314031
702301 192612
583643 440958
345716 308124
243346 142825
551264 438404
134185 1735
402059 436503
694782 102763
634757 594139
406144 228961
580502 306282
103146 154516
707572 146333
389452 309523
475251 433747
582269 325893
467878 21821
532114 665392
826244 156624
591096 189812
2769 184495
748319 373246
798832 578019
853529 388317
791658 81982
787738 32323
279302 290924
149773 126822
353858 150553
307754 662561
587604 712027
739189 350083
697232 520365
814011 170343
857890 165956
709993 262544
861451 281708
325755 143332
439533 222173
100418 410186
250874 477596
805000 521005
141650 211652
215980 389213
833191 571360
897558 329201
243404 35522
500820 34480
302228 215256
619639 648146
595014 503919
533277 455386
658866 613380
215149 616755
680790 87671
449773 625591
194919 13004
689627 531208
288896 542967
674415 547041
694941 720006
893832 720089
16158 432608
274505 218638
550803 717442
22969 254004
207538 211787
760669 597012
29128 120294
907727 274760
892092 504204
755247 71145
839329 281586
53071 330640
707054 579815
842023 237556
737966 639759
707576 154535
579239 731499
872906 637009
109379 26497
506310 552926
632895 670176
544565 43637
304744 193911
354173 715218
691269 580657
878499 136921
401864 2451
276096 267268
682245 502510
369159 138299
694162 109906
769739 471940
770239 396884
438085 511449
334442 120424
743929 193731
881043 171544
772487 363860
822528 202488
909172 646239
215453 350180
17336 149217
689134 356074
409705 66408
783786 637020
868782 650537
319007 198234
356395 303795
721752 487087
559607 63557
810791 534350
662103 706152
691317 619282
852827 613241
753751 300248
297813 705465
122450 383862
567904 428319
899160 83611
875246 303424
726302 120371
278813 83822
814272 450889
701524 628616
244042 667293
537121 80785
782601 481827
759696 405415
834302 11848
546998 103236
452748 259958
521004 349017
701809 312762
719035 176934
323486 382714
221143 111354
227400 376872
194416 436711
278427 334831
267704 336198
140347 450100
210853 541668
227498 59574
253340 728343
862455 313078
438059 649702
267535 218811
475599 559502
338007 29204
897008 421254
712409 652183
375094 70489
257280 203147
530916 236119
631344 263584
289476 80729
816689 723528
676810 457353
548946 188646
817251 675925
201446 526342
524633 670912
681674 163458
743410 402738
389048 537012
555372 522750
705942 637346
403460 21522
507358 641994
867170 679031
34034 287641
1000
651423 871089
592932 919208
692930 597933
840300 741313
53733 716230
815898 386525
238303 704536
791897 458766
858139 529014
341431 9223
40421 801172
823710 730394
414585 5312
442579 778085
443558 555550
709235 914300
26801 366254
868698 115923
601630 217768
211132 752012
603614 384802
962502 903163
614229 937066
57463 14414
850265 863166
187579 92679
666171 988601
816803 280467
936252 6498
301027 462979
915683 8213
330409 883763
380716 382184
394314 771659
28774 637924
778129 912900
845134 522068
849895 444376
334648 428693
647148 706350
309368 632528
701309 901026
960611 111333
106254 66160
218116 188012
717756 749322
811633 51477
748448 152819
155364 488745
243227 379345
419677 786166
734295 793111
920589 293666
170970 285251
429263 731418
436708 906507
77483 580904
690785 509965
241815 490947
828939 574183
288683 162942
452146 204919
465727 463813
310739 377508
30638 448655
778730 622228
489398 663430
557474 287975
284698 496105
378492 809121
985592 75741
786828 786519
365692 533422
894596 787159
727417 929126
453502 508317
743779 805218
40025 934604
319651 167409
670098 572436
478644 803166
433240 518254
305049 616334
838794 639542
779223 797362
193946 690491
391897 5252
364101 484792
608257 189890
573321 675292
883203 164202
644006 230801
539369 891745
60954 647604
408603 464388
197726 695497
987154 595355
364874 617318
821036 987800
475273 389640
301357 717158
319849 499412
599031 126830
431909 500963
127607 754034
106116 935957
368898 557078
880321 563867
382659 539729
343143 601084
562537 117477
792220 592258
743843 996870
997995 89506
828785 616237
143434 479689
506791 95019
125976 495143
86353 239864
491655 702657
430996 327719
489556 781268
785757 262281
862083 630014
684610 770073
192088 557259
771841 768664
594439 600031
238617 166378
484956 721145
677200 978181
921849 425745
958378 916691
115142 265838
374532 680699
654270 939646
747759 47983
385099 107396
848316 476956
77219 77423
246035 351745
123630 553795
577164 388118
553146 411314
293327 969498
540974 177015
506002 977789
480640 999919
826075 293325
301407 166631
482537 593677
387409 971619
736178 396889
784203 750233
318497 449399
542715 666171
542288 565781
724103 716322
982625 478314
436210 556490
673617 560831
76765 922948
359582 1753
955309 152059
239369 392976
311515 580185
472287 958064
507707 618613
327673 939924
182903 758903
796704 216277
65883 25641
547003 716574
65678 398705
689168 977216
970639 437698
849292 671569
709419 431587
155698 8582
13195 637547
596228 677319
670025 211484
829528 226810
502014 599641
492491 324225
139503 861706
367629 603805
2269 849238
345753 82283
316996 643026
609580 587865
509225 126694
126010 709248
894571 422000
775659 889558
467840 322678
135655 967150
820842 821142
259020 432331
873697 252340
941071 119960
305576 655367
391824 481410
38746 940052
713552 486959
857203 355175
412619 863416
407399 984850
910342 763937
922787 837514
745577 397872
626717 346939
551507 67054
628511 103436
644968 788904
805409 795888
898051 821621
563274 209200
338670 167236
539750 209800
999996 405470
317094 325728
271143 248568
351651 494284
901777 574296
193791 314390
731903 751352
452330 425123
149797 292909
787655 973880
78884 220732
746303 91912
177641 727080
638542 454800
579137 322951
4490 747360
297134 477941
479048 575677
142912 532018
220331 487678
985664 479922
694050 625669
97658 726482
379072 346883
206650 561123
105754 698762
283597 740257
598338 890204
479128 179254
731362 185487
797172 420689
494897 527847
160757 560708
323352 664480
258217 931473
750934 764194
491460 268605
921737 675029
861026 689565
276800 828857
72648 636482
233346 691103
354097 45701
284012 702865
934902 962052
719791 238468
942857 48068
776768 464085
658752 66888
897655 344902
307046 894928
694073 889717
158293 708204
900387 800504
644455 981504
689376 752697
821408 697836
997323 540914
398723 748336
70011 709260
791405 578916
82829 913751
791120 894770
780865 846811
945879 539205
912124 468642
987998 541904
680692 455966
85989 965775
680502 479728
768732 992699
573840 296634
877258 634343
990583 525102
523450 125415
164917 965245
925750 641595
683020 631831
710279 447923
909279 952206
987794 624945
192742 420670
155310 275238
532355 455996
673924 295990
874005 112318
516404 470377
425562 375379
238589 169803
234740 110221
132349 37824
469637 934977
81553 38408
800797 819786
300449 807822
759432 759031
614720 773453
497980 98839
435312 574278
604204 601293
752813 62080
933547 10150
455289 303868
676042 724098
473235 220543
194111 274305
584369 263116
964842 569578
800132 702296
654980 480534
761797 16933
843347 566402
877334 298477
75273 414920
365414 125960
62815 53495
943450 695288
397834 969462
529129 488327
424243 367641
352564 550273
943121 782624
739360 43779
174027 150344
449995 886357
688665 725013
634125 35323
256361 364385
810786 638670
876418 655630
630234 4892
814422 881033
860886 210869
550007 531822
30664 573294
981688 770358
331418 817364
375791 958512
112565 520158
76825 796894
555873 818884
265037 942864
905902 698934
490025 343333
284834 589377
106227 917669
666494 672308
519270 166176
859835 663038
60358 343811
159179 645171
679489 323775
260505 771000
802985 608383
50174 409408
722491 936330
565195 825656
531332 941796
915840 422778
443769 981372
146801 798261
903607 436497
330424 847503
929269 538055
225323 932546
431303 442111
255921 644658
134040 844065
26075 536713
495740 495115
10623 356227
424038 386578
931306 483866
527655 915856
675821 743953
78335 169922
983428 986243
229943 716254
932315 790365
859335 738094
913283 742149
551880 314021
47632 547498
461689 151011
985724 992300
140961 988861
465077 515371
650026 62927
636262 627682
682089 60075
207982 413741
758950 305133
14889 469374
242398 781231
297245 524502
696543 743954
686790 393999
623031 149580
379709 302191
168198 757158
667578 687510
358343 982337
502717 555451
340470 743750
671906 660866
753489 792663
401948 365386
307615 189739
938510 185191
675124 752193
151310 892006
52647 81124
339790 498393
771270 429612
554549 685951
493056 287676
911795 101521
49671 777434
640860 704558
902375 863664
193327 606732
675940 662730
921963 738560
225756 979296
622873 721540
458755 404453
73639 190175
480937 932639
888428 844173
326519 281047
640555 596795
761570 627056
427603 295358
342936 994497
518930 252710
909505 944262
882930 970194
937800 857283
527681 777603
479070 144924
443202 239932
211075 668094
614260 81199
208326 390513
947845 285471
278996 187451
393669 479494
164383 636846
20075 389793
910371 879364
651888 79367
741585 935127
357131 484965
699679 16513
168546 72280
406190 691538
142667 596794
877201 424981
996096 721032
844228 271574
483910 911828
701937 757023
109241 622018
180915 1113
841782 968577
179362 944913
45503 169443
212046 650016
968095 403075
405128 460926
634874 826145
424824 135127
183599 715642
386938 219124
588853 534958
945413 952252
145121 22208
943543 513418
198789 426743
605206 634125
912121 512226
286338 193640
352916 278827
582238 588611
367628 868034
408501 786182
493708 605892
378490 613670
953132 282547
284033 761592
764011 813195
384288 24965
316410 641716
741501 508998
225696 91028
534701 58483
792155 63914
720516 697846
166497 49940
152569 977149
48796 797
983989 31269
845143 25199
415351 409486
441729 377872
462140 61543
763579 13454
810100 727815
988756 349765
649203 329711
421506 545754
897489 510520
99558 434321
869574 666025
630276 251221
279757 380904
511063 750576
244594 839612
529918 669953
873382 903174
304406 61506
748462 879534
563138 708889
661836 799690
740701 764019
124277 105049
938578 868870
961526 289479
212648 970694
139401 23732
600135 205504
768459 581898
378434 689712
163700 822599
337022 768893
796650 845969
308347 287944
960061 144872
488915 461349
809653 594964
528482 806767
945796 522354
554892 824778
524067 534844
897224 91939
198975 292651
318548 504199
800887 874193
511710 181858
766406 723507
782865 622243
928557 269635
994275 255978
800621 372958
743389 135710
332942 408979
659553 29648
729727 969225
357300 602352
789137 294514
202829 128995
219247 146147
413082 648868
795538 903500
41671 964219
809997 666879
459802 173076
726871 697351
123225 475125
698957 64292
30772 502811
537086 6964
748019 918724
693806 212638
811966 41247
190014 676340
880100 807492
955191 545273
462078 357099
938556 309829
327617 3981
724353 860293
548877 939306
680605 626637
844843 337299
491726 428053
649725 921204
81255 18242
467146 361465
319711 718655
742402 395832
220068 932348
838375 461301
118724 386448
240374 88575
368409 349976
499301 332562
510488 774016
780913 885436
212357 725143
615631 214964
764865 468198
488561 829557
763306 453663
307861 295499
167994 587102
621710 931546
770386 353825
841683 108966
620600 135939
323879 782983
595906 819080
675585 991305
793246 447005
658156 970814
693870 905642
133327 444576
358479 593529
610600 615171
986604 687408
265552 842956
96271 273165
291042 792496
59120 145528
834325 142444
399884 657240
231246 477806
371120 267435
563363 189902
252732 600629
145559 558765
44016 360573
271921 904453
311680 479458
999504 980571
104676 899883
634161 309791
124536 882626
501475 429788
752386 83241
673239 707112
563530 426245
332376 476715
658164 990251
338708 909947
63111 249700
514078 159067
371435 36715
832430 329327
771806 394390
111442 603370
943125 654471
811348 753241
728139 566712
699355 677193
612945 497928
614187 836546
992191 178179
406322 130469
2671 595755
388710 379027
612752 493244
328632 422705
961859 283166
968814 154944
892757 984459
525111 408830
868806 78754
802346 751672
560802 925196
254695 984124
784378 368917
931619 503710
542344 526112
68808 525034
173180 585908
828 18191
906285 989682
956766 945185
47609 894525
324083 689356
390712 36071
94167 17200
878318 639500
232057 767045
526717 961480
333000 301676
454900 146717
88459 805232
929016 633527
304745 882909
664168 62949
906847 942079
860393 918394
332269 159317
392370 791813
193947 955581
364699 601438
36636 39766
169608 448044
585123 445848
609667 435865
681161 490289
97603 42333
877956 244775
688388 307416
669916 871806
815453 897901
986395 337129
971207 456262
443454 416707
325150 247820
784537 986160
803200 493387
783758 376060
533224 26746
430731 756100
400949 693570
590416 300634
321938 483638
443573 54648
445991 569949
653769 798205
775892 288021
964027 445602
284594 562007
266837 392402
755423 617691
696055 479742
557195 30563
249894 171179
204338 250163
694766 171409
723619 603367
68478 112787
562771 249251
782685 326540
543665 428713
657500 694473
891346 302210
375914 682184
274910 514213
20209 754968
231418 25778
368640 346237
223781 267889
923270 711573
683463 798617
625467 500232
978716 304947
853604 907602
24549 64657
136626 66730
805993 254370
321932 826526
217371 214575
264634 937798
586677 582976
226225 538473
284919 214181
489167 853854
648267 773036
432217 383183
833006 668892
931758 422756
625825 59516
925115 778517
855146 912073
526438 28950
269741 533738
720940 529738
596954 908148
520321 524565
310057 50337
923898 278002
389695 897684
176726 480858
86257 955697
952051 579232
135357 826354
751897 707149
86377 903736
468733 184738
951047 547862
651097 593609
410176 931879
808631 443088
464690 336643
314121 171886
447679 57335
42102 132682
225568 1789
600072 711367
71068 982531
597955 928552
942423 879395
24198 937694
674032 834228
212002 365783
733001 752594
636594 369390
758045 830063
404432 153560
330746 369420
759900 588038
684304 79310
397350 928715
405226 852826
227725 184766
947486 432110
906771 373779
784926 858086
492864 692606
250950 663349
324343 462639
80893 801736
928925 547740
449841 287984
749346 924358
92365 450649
811202 187173
844058 267150
594535 659946
998768 912393
910839 45844
197389 57718
987409 762052
27857 793297
406812 510186
324400 735688
797168 412487
688809 862444
9877 965539
895529 563023
872197 747981
458436 214857
333638 933447
601910 573884
915839 976524
916743 142244
675910 395220
962706 614373
701317 332642
787489 285149
283697 868559
21801 82542
475457 334680
412726 817610
189461 643402
190360 743318
696797 749610
409769 883030
359173 632028
729922 396487
385671 60280
833525 459885
891586 558648
640399 983596
51751 485930
422833 518640
394340 460065
275734 973507
611001 320732
564847 699901
758905 119492
127391 736708
153761 277925
585401 18873
598424 650482
52353 601533
629986 755118
903868 717043
529260 261552
240745 740226
785206 780278
584543 48943
208548 814451
881254 348136
668835 997653
260862 104742
799589 528698
360455 503609
947532 466942
949955 410151
852274 902951
304733 378367
751699 972306
494830 287238
885026 751620
770384 373539
705107 89401
143493 442060
797208 528791
833246 14194
923862 239709
88413 209908
661434 332900
516088 860328
850036 504839
671865 592047
989865 342701
718921 687663
495137 304141
140634 50390
328238 49457
858847 198048
802005 918337
289399 403145
811920 651866
263731 45428
886786 393417
584626 19702
916926 562550
218166 27416
661572 718855
881419 694219
454332 644259
368023 600985
598555 783910
445213 143599
363796 720690
26861 140502
54450 536108
284515 279158
105975 529704
434228 558152
620512 502273
283328 860697
136965 705628
300045 159503
3811 870037
280615 16140
525677 594824
413981 372037
469257 459546
197579 802644
171738 624842
856055 903104
419175 259805
655055 670708
249098 733531
124539 33339
686943 339297
595852 453707
623386 311452
794740 166460
537052 982181
708818 136262
819610 606267
346876 469301
31646 906789
966323 918863
942011 396893
748305 450112
291984 381060
768810 626856
148960 173992
890478 984588
603887 159567
834129 986841
798246 166762
827562 905913
555384 966562
304459 22638
102513 763346
659020 956478
650213 70897
747607 178533
106932 415371
574303 711063
837915 639400
979475 39011
279420 422714
439206 426290
519919 618777
995874 204140
146699 567922
495690 804203
570161 569669
993076 684572
