50
144672 560804
363587 487538
176727 469472
196817 748691
293771 861740
402829 764937
226589 857147
403981 755635
329380 827468
581188 780900
400366 575219
469379 805266
241094 938911
134673 731563
572954 840340
586508 698640
305390 600368
237977 897256
391513 498335
477814 829754
149622 673961
259988 811907
159217 537530
177602 591866
184705 670412
511087 520995
349903 471713
157425 717444
551813 779179
535194 530570
369375 579620
439650 781571
184273 641738
424817 607492
135687 614805
225454 784699
367401 650600
534267 701996
162627 665245
282712 882350
162363 718738
290660 493534
256325 928755
400973 586865
106629 728536
164549 513832
388821 518065
95164 583826
571235 793236
508403 494736
1000
534305 699271
678488 921893
371964 663525
726116 205017
366048 160412
583557 357315
230722 949586
792611 392844
516554 232598
835426 821114
721845 452246
640102 451912
420974 533955
604598 597580
474846 516869
578925 219135
865155 844809
533606 653338
526129 741018
305346 827944
422938 457164
531159 518063
657640 305221
662698 266364
361206 264785
287770 545570
470282 249263
598627 629977
533957 447140
849756 810287
643783 433887
576702 504839
958450 679173
972238 555917
231152 870072
675979 169890
760763 498598
453216 891488
692246 481236
774771 745470
463184 419451
751400 347535
664106 777644
140829 487267
189007 520838
379104 473473
775182 499489
577517 853265
427690 500406
778611 389238
519104 344135
713082 333093
182165 604791
808147 424108
553713 166960
346060 398176
635270 601211
566759 454525
245657 951836
665713 842273
707394 497838
561911 380822
569111 766803
647401 118931
334847 539071
396980 209938
869453 506501
156432 279430
727915 507172
547970 705642
591965 168676
777684 560664
453829 259206
328005 328144
725156 867011
873348 865360
934478 246147
338581 442494
88969 198011
327519 314140
462682 336090
264357 752849
800257 302442
999177 470329
358670 695581
930043 741539
941533 185569
654654 862883
563708 627443
463370 353933
799650 290796
140140 443166
604433 425976
286817 419997
388089 419472
759363 527081
540130 590625
795230 637847
622365 896690
713171 449257
746080 429795
533468 94869
737161 676357
289928 788203
662131 225765
979016 642125
456777 599096
507629 595338
507725 387635
237364 921231
322304 572778
333213 186641
644390 445533
331770 455961
516710 333634
558139 758281
284465 107719
907687 210313
363558 577063
512036 93142
701552 710629
349165 290633
645758 746145
301547 526831
506363 299358
621742 174827
816371 699008
170532 83657
788105 233642
397786 369820
937929 406297
376283 327306
381012 647255
221611 711162
724142 275997
172884 395935
735646 200911
234134 823719
690493 731239
219259 398884
303990 587804
775923 736168
347164 31486
651852 213139
356049 331171
529860 109132
155089 385564
291471 560669
539951 543872
260795 351383
220113 301298
781640 451241
693055 577317
167190 678170
558403 704788
504088 481958
327255 367633
874773 424241
201380 761616
701166 639911
891935 155967
374842 291223
558501 253107
811762 604524
916184 343625
988969 629789
586655 492503
198003 375676
927976 418633
205050 230326
514854 582748
625873 572724
447604 531245
908554 404576
150139 272407
467106 564359
502405 768079
773189 378787
782815 675483
749187 187290
425906 455040
596673 552062
221533 298401
534077 352202
167830 430341
427353 442458
665809 634570
690755 404874
369054 199141
100434 342721
985792 414217
642245 188977
576011 185049
485082 474292
688631 300820
429380 620417
405955 891822
559894 464381
397269 419032
617645 553069
640378 654488
286368 667500
138477 174989
357877 387785
646246 623605
391696 588339
330980 708406
210653 497331
751820 353404
190172 382015
763551 271165
873590 869297
588777 250208
435807 708034
578421 551943
478667 501366
405780 577406
953226 553730
543468 463694
182194 181075
933551 417573
625357 355243
252969 712740
819807 293554
203107 325065
735529 468071
728664 543045
314514 322856
393781 506193
482741 149208
192974 675154
560325 553375
516778 41359
810610 613826
661026 381179
712796 663934
128478 345748
546230 550550
242540 910181
699190 429362
834555 455151
317838 93923
539757 543495
370998 273569
600818 245560
224943 426116
506711 504393
271521 377431
407966 372500
943177 773769
798605 804480
309564 209699
652101 968298
432937 286405
585751 793825
139236 744488
183069 303469
799757 795178
541014 267135
841321 785799
406440 298468
440234 607359
677086 243666
356087 622611
494223 532081
647398 614303
382626 132250
250130 542940
180862 596875
570719 255607
532293 299495
513719 510300
564039 157879
883507 428288
420144 328140
923851 552009
720328 112935
904179 534279
607004 346206
528072 316181
653450 546575
626900 249568
394288 229668
361709 397586
393124 725534
394778 201050
352976 254405
333943 840393
438429 567597
849852 602584
300579 263700
528999 144755
942048 550885
504560 421199
276517 496535
565040 407421
675799 259168
406044 523913
590751 179228
501697 577211
939476 615187
267474 794504
114299 293377
796855 380322
359669 207871
468871 643367
940280 469226
907208 240003
616729 437304
787289 537878
512966 507661
531351 457033
281433 422653
256145 738370
541446 295809
506615 712096
704710 471579
230017 797624
847431 630460
384978 444528
708855 165077
769261 817183
568873 404530
400842 576112
789445 1465
543956 276381
372868 362203
491112 163875
637261 612833
994289 547529
968730 879883
188836 654663
282705 784348
906209 682529
716705 428074
612792 438288
568855 521521
592486 519301
383739 318346
906863 560538
536587 286662
655929 498281
665686 782109
318641 689626
810120 588174
732463 120603
802564 380508
181290 482397
490940 623369
567721 413832
196989 492434
556405 147230
552453 409693
574993 395085
760722 381032
731501 507413
592054 490627
706644 97110
492428 240202
155374 463993
633235 633588
322317 366339
967011 832779
398986 691400
501413 186201
464992 195073
593655 325969
507244 447458
772915 567398
604542 430466
772404 348049
260888 941680
412219 232584
121997 52279
212450 751677
396634 379122
96378 276215
77670 923742
741317 560153
963066 872816
565865 235760
553201 756987
799294 347224
953130 761433
582036 587341
531463 654348
655666 376201
757107 200616
331994 591648
734719 372337
358934 642088
239918 352737
342494 240761
870540 7313
701322 808001
537467 376588
943249 324037
299955 166332
421019 450534
880441 267566
796142 614762
799352 246596
466030 637164
434284 874099
907232 303400
534569 645778
521564 654494
560647 557589
495759 660859
278869 808813
206988 321675
288179 593953
355370 183316
452814 239433
189268 683337
766685 366177
355794 280625
838934 497148
345124 231145
852990 230973
63673 968711
865144 120133
156168 332923
752265 449520
659272 527484
393039 532629
397130 513328
748120 756022
190929 369425
573378 631409
529463 490274
530424 628459
105722 503508
737846 489235
220394 471332
765151 619163
203982 447459
426746 430812
357392 101723
224679 479609
767542 770079
230921 496302
211085 526005
757684 320602
970519 508813
387846 202400
840078 504780
368150 500463
380580 618581
556709 433021
923755 759712
407392 777862
612889 97943
561647 434315
570977 607951
420912 570151
757644 530867
573540 475951
944992 613170
240263 544651
393384 530990
794330 439948
796668 220337
450628 444339
355760 683061
561574 386163
597280 563708
695773 740377
572503 509015
589709 256387
829925 557308
549640 364696
731901 789773
631930 792440
112096 440139
556215 622271
980472 496477
231782 511441
323185 441653
729779 94344
295616 254167
583989 385989
654750 655180
634930 357003
348479 426781
169112 526757
599136 741780
633753 936799
437401 915754
499742 787423
622349 186473
299195 214553
636870 978454
513870 206339
251834 640292
634370 706036
635957 758414
185597 393123
378054 262207
642706 478649
739343 631133
404929 588144
55293 471431
77585 401771
422896 833990
398978 191474
188743 574331
689238 312466
902803 499146
441546 609252
548807 459036
678339 435404
516614 541337
21325 42089
668234 466160
239043 230343
621124 584335
544590 654356
537188 720408
635054 544175
161988 730369
802113 480514
534971 330382
796759 588025
841417 578096
773406 510681
158784 591708
171407 206051
868663 520843
759570 390334
918868 369884
859500 518837
157480 344697
943273 566066
757714 212262
828708 801455
763455 478868
681996 597927
378830 675151
501966 542442
944896 820873
557403 522850
529367 697977
580049 681281
446830 384307
597615 648829
539734 413599
408296 476540
391481 506042
678266 500095
477894 45271
418622 221677
465536 731729
459353 496864
521290 139229
930970 570113
691094 490538
756579 998129
624738 500276
704674 315945
287576 475925
465867 317467
219741 478315
170626 424599
677332 580901
473942 818191
350074 344302
489353 44425
130830 658026
584508 318361
662602 474067
689944 209111
907136 511103
712853 339740
309092 737943
570144 567627
232056 568750
907599 623571
151230 331629
573403 281866
803265 471212
745562 143462
796391 406968
735625 260368
418642 313834
377179 139813
359744 414001
490078 838583
265455 523510
363079 335586
324109 186425
425903 248409
472538 367339
596583 462867
502945 432715
373034 446315
421217 577650
591975 410243
679778 223936
569827 249961
450892 390846
132666 636290
355524 514373
747815 965238
53692 533643
786960 368981
826120 430663
548765 242302
320151 717333
958546 471470
121544 439419
625269 277833
556647 650945
567392 719699
202284 460294
166926 731663
883029 501528
730574 678839
437887 399562
101579 646775
597510 291441
100631 295429
531695 566137
883125 293825
950365 914824
528479 136433
430361 611228
190622 362876
648875 787800
152729 385658
178078 255923
736127 442131
113245 558179
582195 410096
429717 411471
906305 474826
594718 522653
891008 327393
612888 554233
545618 393364
790797 213912
563833 229409
840282 770624
583330 482544
246589 402609
402869 546151
885595 678643
674121 806597
585128 494908
460440 482248
325537 753931
389967 343131
643504 541771
597835 564308
154185 686886
982284 738183
951097 494756
402634 396198
877098 545331
743826 233834
784597 557608
158520 645201
231402 515649
621230 824242
129492 228990
405649 241346
549544 572399
170016 225435
514166 342841
774867 537767
424880 460802
223197 604284
584963 87146
909863 449503
768659 295197
451905 209223
542454 580452
505913 444113
571279 71321
421761 761542
796749 626408
408544 768560
429209 620530
673295 143631
861219 565941
384003 264853
472970 396013
777574 305803
655764 851450
31086 628956
353732 694287
650512 487137
540448 600347
310857 311971
593320 330381
565682 556463
456295 788750
367706 361239
430284 319095
700086 179465
814652 651904
529832 497809
350046 587204
577345 707363
264551 824832
613132 711741
260056 232721
253793 426092
811688 554401
451197 463085
486967 470377
405536 599790
514795 120608
578193 634772
360856 490675
162067 470398
445117 493174
929695 465737
613036 919444
766079 555355
349597 319307
504194 685347
931449 691281
807884 298248
534783 350329
341619 118367
689547 901283
398103 69080
540661 242173
556743 443242
452632 905598
519368 290642
575798 806161
387670 424798
329441 162727
455552 142429
910371 236572
756570 130178
222746 783610
777156 428509
465145 525808
373938 592545
648824 459511
343708 85898
395755 435213
824605 639568
639453 507747
286107 112411
655609 644332
536491 494365
153582 643907
773011 359695
597396 765232
762871 203115
629656 322767
168094 376848
557280 490782
183805 573037
781558 232889
317040 349127
418193 348299
354466 484638
632026 584737
560 768611
164684 249133
385925 113440
686436 533077
321455 763184
359161 190124
601425 257206
942975 379459
316540 183434
243444 608859
718930 655526
431691 340491
272480 868616
470006 715815
385318 112520
153022 151715
104847 357669
554993 577073
610197 117673
396076 511260
409448 467238
471619 443939
582665 625103
385157 340753
428122 529080
462470 538519
10596 985220
406081 270020
808754 435754
823459 256171
160706 440295
739439 423430
295223 506459
333154 80005
405986 587806
467202 356656
565258 224114
598531 837680
384725 312079
433455 395756
534401 491568
677428 373198
431473 852796
861991 298423
463289 347736
589273 188406
180430 568201
776019 528465
400138 682098
234899 553096
794989 69646
362815 389079
820593 647035
338101 244375
772308 555752
565206 566333
534267 228515
628267 909288
345929 650804
832598 456381
247021 431283
525687 804311
226865 274703
711539 191336
633551 554107
596101 464268
609919 877789
296127 205137
494448 299403
178510 284597
131844 541268
363180 193805
477701 528363
745679 511256
526242 622857
655996 128667
161053 587156
614129 540050
380593 137138
378090 590231
538830 714921
592593 788234
246561 650514
521660 446791
451137 278936
721941 244543
638168 197314
591071 711565
585383 440755
566998 386419
441644 200289
483281 541357
99727 596751
145779 600424
458663 510635
394171 189404
553558 374088
133009 584129
693378 311889
811592 762104
302936 705379
572330 362721
287275 895275
491414 356960
973512 251127
466297 516506
140250 627730
877160 654155
699159 350891
163780 550455
556311 414568
385311 447604
669831 475607
288905 618018
763177 690143
173759 518329
427041 527488
599334 695933
261792 640358
396523 501682
423952 340406
530449 771106
299565 380458
638457 699965
357063 214413
447482 263131
473971 756217
634271 454161
504892 135180
6509 61237
364625 388381
415201 373658
580313 312825
610818 509268
63925 629219
141154 326408
568759 729224
483164 552691
378801 317052
383429 309427
237251 865374
162892 429047
959594 628068
742552 601809
335125 401904
502208 108921
340979 537647
394894 454137
259133 509562
694526 974432
771687 463577
300293 658127
570408 514134
545398 713504
481394 755924
176002 529554
748254 123732
576886 307443
558956 910966
402383 958430
534343 217263
514410 577425
373909 568709
972466 623755
445690 443045
444213 794496
548906 389538
567853 320941
390346 433594
632238 376733
267838 721938
771368 336427
529359 664512
478571 709069
628363 701585
777495 757743
396266 332875
572797 686136
534665 438075
550756 427076
365532 506083
646193 207100
487133 368363
252482 855218
307081 398877
683067 640239
299238 573343
624205 364545
824101 323069
150199 128245
158354 128017
1937 26543
102786 654999
310772 494912
603281 435278
698441 342423
211938 434832
515958 162927
556376 792104
587820 475178
479019 859193
417893 353928
149235 573729
505842 270709
701418 600298
548253 537508
754504 379663
796602 366954
610015 670086
309953 613293
171052 416397
515650 533920
336139 285146
484511 797579
447965 456755
531255 310360
597492 557529
686121 452865
146746 515915
947589 818722
481364 411515
365001 184173
515147 461348
526766 199976
546210 448556
867828 146392
168945 489407
405833 286822
741413 352450
111192 741461
171935 565651
503405 670575
303410 699782
980735 689229
976964 820443
482377 842679
548669 450005
