 35 35 35 35 35 35 35 35
 35 46 46 46 46 46 46 35
 35 46 35 35 35 35 35 35
 35 46 46 35 46 46 46 35
 35 46 46 35 35 46 46 35
 35 35 46 46 46 46 46 35
 35 35 35 35 35 35 35 35
 -1 -1 -1 -1 -1 -1 -1 -1
 -1 0 0 0 0 0 0 -1
 -1 0 -1 -1 -1 -1 -1 -1
 -1 0 0 -1 0 0 0 -1
 -1 0 0 -1 -1 0 0 -1
 -1 -1 0 0 0 0 0 -1
 -1 -1 -1 -1 -1 -1 -1 -1
 0 0 0 0 0 0 0 0
 0 0 0 0 0 0 0 0
 0 0 0 0 0 0 0 0
 0 0 0 0 0 0 0 0
 0 0 0 0 0 0 0 0
 0 0 0 0 0 0 0 0
 0 0 0 0 0 0 0 0
[3][2]を次の訪問先に追加と共に長さ 1 追加
[2][3]を次の訪問先に追加と共に長さ 1 追加
[1][2]を次の訪問先に追加と共に長さ 1 追加
[2][1]を次の訪問先に追加と共に長さ 1 追加
[2][2]からは行くところがありました
[2][2] 訪問後の状態1D
 -1 -1 -1 -1 -1 -1 -1 -1
 -1 0 0 0 0 0 0 -1
 -1 0 1 -1 -1 -1 -1 -1
 -1 0 0 -1 0 0 0 -1
 -1 0 0 -1 -1 0 0 -1
 -1 -1 0 0 0 0 0 -1
 -1 -1 -1 -1 -1 -1 -1 -1
[2][2] 訪問後の状態1L
 0 0 0 0 0 0 0 0
 0 0 1 0 0 0 0 0
 0 1 0 1 0 0 0 0
 0 0 1 0 0 0 0 0
 0 0 0 0 0 0 0 0
 0 0 0 0 0 0 0 0
 0 0 0 0 0 0 0 0
[4][2]を次の訪問先に追加と共に長さ 2 追加
[3][3]を次の訪問先に追加と共に長さ 2 追加
[2][2]は訪問終了->飛びます
[3][1]を次の訪問先に追加と共に長さ 2 追加
[3][2]からは行くところがありました
[3][2] 訪問後の状態1D
 -1 -1 -1 -1 -1 -1 -1 -1
 -1 0 0 0 0 0 0 -1
 -1 0 1 -1 -1 -1 -1 -1
 -1 0 1 -1 0 0 0 -1
 -1 0 0 -1 -1 0 0 -1
 -1 -1 0 0 0 0 0 -1
 -1 -1 -1 -1 -1 -1 -1 -1
[3][2] 訪問後の状態1L
 0 0 0 0 0 0 0 0
 0 0 1 0 0 0 0 0
 0 1 0 1 0 0 0 0
 0 2 1 2 0 0 0 0
 0 0 2 0 0 0 0 0
 0 0 0 0 0 0 0 0
 0 0 0 0 0 0 0 0
[3][3]を次の訪問先に追加と共に長さ 2 追加
[2][4]を次の訪問先に追加と共に長さ 2 追加
[1][3]を次の訪問先に追加と共に長さ 2 追加
[2][2]は訪問終了->飛びます
[2][3]からは行くところがありました
[2][3] 訪問後の状態1D
 -1 -1 -1 -1 -1 -1 -1 -1
 -1 0 0 0 0 0 0 -1
 -1 0 1 1 -1 -1 -1 -1
 -1 0 1 -1 0 0 0 -1
 -1 0 0 -1 -1 0 0 -1
 -1 -1 0 0 0 0 0 -1
 -1 -1 -1 -1 -1 -1 -1 -1
[2][3] 訪問後の状態1L
 0 0 0 0 0 0 0 0
 0 0 1 2 0 0 0 0
 0 1 0 1 2 0 0 0
 0 2 1 2 0 0 0 0
 0 0 2 0 0 0 0 0
 0 0 0 0 0 0 0 0
 0 0 0 0 0 0 0 0
[2][2]は訪問終了->飛びます
[1][3]を次の訪問先に追加と共に長さ 2 追加
[0][2]を次の訪問先に追加と共に長さ 2 追加
[1][1]を次の訪問先に追加と共に長さ 2 追加
[1][2]からは行くところがありました
[1][2] 訪問後の状態1D
 -1 -1 -1 -1 -1 -1 -1 -1
 -1 0 1 0 0 0 0 -1
 -1 0 1 1 -1 -1 -1 -1
 -1 0 1 -1 0 0 0 -1
 -1 0 0 -1 -1 0 0 -1
 -1 -1 0 0 0 0 0 -1
 -1 -1 -1 -1 -1 -1 -1 -1
[1][2] 訪問後の状態1L
 0 0 2 0 0 0 0 0
 0 2 1 2 0 0 0 0
 0 1 0 1 2 0 0 0
 0 2 1 2 0 0 0 0
 0 0 2 0 0 0 0 0
 0 0 0 0 0 0 0 0
 0 0 0 0 0 0 0 0
[3][1]を次の訪問先に追加と共に長さ 2 追加
[2][2]は訪問終了->飛びます
[1][1]を次の訪問先に追加と共に長さ 2 追加
[2][0]を次の訪問先に追加と共に長さ 2 追加
[2][1]からは行くところがありました
[2][1] 訪問後の状態1D
 -1 -1 -1 -1 -1 -1 -1 -1
 -1 0 1 0 0 0 0 -1
 -1 1 1 1 -1 -1 -1 -1
 -1 0 1 -1 0 0 0 -1
 -1 0 0 -1 -1 0 0 -1
 -1 -1 0 0 0 0 0 -1
 -1 -1 -1 -1 -1 -1 -1 -1
[2][1] 訪問後の状態1L
 0 0 2 0 0 0 0 0
 0 2 1 2 0 0 0 0
 2 1 0 1 2 0 0 0
 0 2 1 2 0 0 0 0
 0 0 2 0 0 0 0 0
 0 0 0 0 0 0 0 0
 0 0 0 0 0 0 0 0
[5][2]を次の訪問先に追加と共に長さ 3 追加
[4][3]を次の訪問先に追加と共に長さ 3 追加
[3][2]は訪問終了->飛びます
[4][1]を次の訪問先に追加と共に長さ 3 追加
[4][2]からは行くところがありました
[4][2] 訪問後の状態1D
 -1 -1 -1 -1 -1 -1 -1 -1
 -1 0 1 0 0 0 0 -1
 -1 1 1 1 -1 -1 -1 -1
 -1 0 1 -1 0 0 0 -1
 -1 0 1 -1 -1 0 0 -1
 -1 -1 0 0 0 0 0 -1
 -1 -1 -1 -1 -1 -1 -1 -1
[4][2] 訪問後の状態1L
 0 0 2 0 0 0 0 0
 0 2 1 2 0 0 0 0
 2 1 0 1 2 0 0 0
 0 2 1 2 0 0 0 0
 0 3 2 3 0 0 0 0
 0 0 3 0 0 0 0 0
 0 0 0 0 0 0 0 0
[4][3]を次の訪問先に追加と共に長さ 3 追加
[3][4]を次の訪問先に追加と共に長さ 3 追加
[2][3]は訪問終了->飛びます
[3][2]は訪問終了->飛びます
[3][3]からは行くところがありました
[3][3] 訪問後の状態1D
 -1 -1 -1 -1 -1 -1 -1 -1
 -1 0 1 0 0 0 0 -1
 -1 1 1 1 -1 -1 -1 -1
 -1 0 1 1 0 0 0 -1
 -1 0 1 -1 -1 0 0 -1
 -1 -1 0 0 0 0 0 -1
 -1 -1 -1 -1 -1 -1 -1 -1
[3][3] 訪問後の状態1L
 0 0 2 0 0 0 0 0
 0 2 1 2 0 0 0 0
 2 1 0 1 2 0 0 0
 0 2 1 2 3 0 0 0
 0 3 2 3 0 0 0 0
 0 0 3 0 0 0 0 0
 0 0 0 0 0 0 0 0
[4][1]を次の訪問先に追加と共に長さ 3 追加
[3][2]は訪問終了->飛びます
[2][1]は訪問終了->飛びます
[3][0]を次の訪問先に追加と共に長さ 3 追加
[3][1]からは行くところがありました
[3][1] 訪問後の状態1D
 -1 -1 -1 -1 -1 -1 -1 -1
 -1 0 1 0 0 0 0 -1
 -1 1 1 1 -1 -1 -1 -1
 -1 1 1 1 0 0 0 -1
 -1 0 1 -1 -1 0 0 -1
 -1 -1 0 0 0 0 0 -1
 -1 -1 -1 -1 -1 -1 -1 -1
[3][1] 訪問後の状態1L
 0 0 2 0 0 0 0 0
 0 2 1 2 0 0 0 0
 2 1 0 1 2 0 0 0
 3 2 1 2 3 0 0 0
 0 3 2 3 0 0 0 0
 0 0 3 0 0 0 0 0
 0 0 0 0 0 0 0 0
[4][3]を次の訪問先に追加と共に長さ 3 追加
[3][4]を次の訪問先に追加と共に長さ 3 追加
[2][3]は訪問終了->飛びます
[3][2]は訪問終了->飛びます
[3][3]からは行くところがありました
[3][3] 訪問後の状態1D
 -1 -1 -1 -1 -1 -1 -1 -1
 -1 0 1 0 0 0 0 -1
 -1 1 1 1 -1 -1 -1 -1
 -1 1 1 1 0 0 0 -1
 -1 0 1 -1 -1 0 0 -1
 -1 -1 0 0 0 0 0 -1
 -1 -1 -1 -1 -1 -1 -1 -1
[3][3] 訪問後の状態1L
 0 0 2 0 0 0 0 0
 0 2 1 2 0 0 0 0
 2 1 0 1 2 0 0 0
 3 2 1 2 3 0 0 0
 0 3 2 3 0 0 0 0
 0 0 3 0 0 0 0 0
 0 0 0 0 0 0 0 0
[3][4]を次の訪問先に追加と共に長さ 3 追加
[2][5]を次の訪問先に追加と共に長さ 3 追加
[1][4]を次の訪問先に追加と共に長さ 3 追加
[2][3]は訪問終了->飛びます
[2][4]からは行くところがありました
[2][4] 訪問後の状態1D
 -1 -1 -1 -1 -1 -1 -1 -1
 -1 0 1 0 0 0 0 -1
 -1 1 1 1 1 -1 -1 -1
 -1 1 1 1 0 0 0 -1
 -1 0 1 -1 -1 0 0 -1
 -1 -1 0 0 0 0 0 -1
 -1 -1 -1 -1 -1 -1 -1 -1
[2][4] 訪問後の状態1L
 0 0 2 0 0 0 0 0
 0 2 1 2 3 0 0 0
 2 1 0 1 2 3 0 0
 3 2 1 2 3 0 0 0
 0 3 2 3 0 0 0 0
 0 0 3 0 0 0 0 0
 0 0 0 0 0 0 0 0
[2][3]は訪問終了->飛びます
[1][4]を次の訪問先に追加と共に長さ 3 追加
[0][3]を次の訪問先に追加と共に長さ 3 追加
[1][2]は訪問終了->飛びます
[1][3]からは行くところがありました
[1][3] 訪問後の状態1D
 -1 -1 -1 -1 -1 -1 -1 -1
 -1 0 1 1 0 0 0 -1
 -1 1 1 1 1 -1 -1 -1
 -1 1 1 1 0 0 0 -1
 -1 0 1 -1 -1 0 0 -1
 -1 -1 0 0 0 0 0 -1
 -1 -1 -1 -1 -1 -1 -1 -1
[1][3] 訪問後の状態1L
 0 0 2 3 0 0 0 0
 0 2 1 2 3 0 0 0
 2 1 0 1 2 3 0 0
 3 2 1 2 3 0 0 0
 0 3 2 3 0 0 0 0
 0 0 3 0 0 0 0 0
 0 0 0 0 0 0 0 0
[2][3]は訪問終了->飛びます
[1][4]を次の訪問先に追加と共に長さ 3 追加
[0][3]を次の訪問先に追加と共に長さ 3 追加
[1][2]は訪問終了->飛びます
[1][3]からは行くところがありました
[1][3] 訪問後の状態1D
 -1 -1 -1 -1 -1 -1 -1 -1
 -1 0 1 1 0 0 0 -1
 -1 1 1 1 1 -1 -1 -1
 -1 1 1 1 0 0 0 -1
 -1 0 1 -1 -1 0 0 -1
 -1 -1 0 0 0 0 0 -1
 -1 -1 -1 -1 -1 -1 -1 -1
[1][3] 訪問後の状態1L
 0 0 2 3 0 0 0 0
 0 2 1 2 3 0 0 0
 2 1 0 1 2 3 0 0
 3 2 1 2 3 0 0 0
 0 3 2 3 0 0 0 0
 0 0 3 0 0 0 0 0
 0 0 0 0 0 0 0 0
[1][2]は訪問終了->飛びます
[0][3]を次の訪問先に追加と共に長さ 3 追加
