200
214680 890644
152317 932121
110037 960241
171343 919467
224193 884317
248504 868148
116379 956023
213623 891347
271758 852682
205167 896971
219965 887129
139633 940557
212566 892050
100524 966568
177685 915249
157602 928606
160773 926497
273872 851276
260131 860415
221022 886426
249561 867445
189312 907516
158659 927903
238991 874475
277043 849167
301354 832998
126949 948993
242162 872366
208338 894862
159716 927200
130120 946884
199882 900486
112151 958835
170286 920170
235820 876584
218908 887832
173457 918061
206224 896268
107923 961647
245333 870257
168172 921576
182970 911734
207281 895565
181913 912437
192483 905407
284442 844246
210452 893456
98410 967974
259074 861118
274929 850573
290784 840028
272815 851979
270701 853385
143861 937745
115322 956726
161830 925794
150203 933527
209395 894159
255903 863227
237934 875178
279157 847761
291841 839325
247447 868851
292898 838622
154431 930715
178742 914546
106866 962350
133291 944775
275986 849870
114265 957429
124835 950399
285499 843543
305582 830186
131177 946181
185084 910328
148089 934933
215737 889941
211509 892753
193540 904704
222079 885723
122721 951805
227364 882208
179799 913843
118493 954617
231592 879396
144918 937042
225250 883614
236877 875881
303468 831592
99467 967271
138576 941260
198825 901189
102638 965162
120607 953211
264359 857603
103695 964459
307696 828780
302411 832295
262245 859009
287613 842137
105809 963053
244276 870960
288670 841434
254846 863930
246390 869554
204110 897674
297126 835810
108980 960944
186141 909625
217851 888535
195654 903298
149146 934230
162887 925091
232649 878693
299240 834404
169229 920873
140690 939854
229478 880802
165001 923685
234763 877287
265416 856900
266473 856197
176628 915952
155488 930012
258017 861821
300297 833701
267530 855494
283385 844949
308753 828077
123778 951102
101581 965865
230535 880099
174514 917358
269644 854088
296069 836513
151260 932824
163944 924388
252732 865336
201996 899080
278100 848464
223136 885020
233706 877990
289727 840731
261188 859712
147032 935636
111094 959538
203053 898377
306639 829483
298183 835107
253789 864633
142804 938448
280214 847058
240048 873772
132234 945478
194597 904001
268587 854791
263302 858306
286556 842840
196711 902595
180856 913140
188255 908219
241105 873069
251675 866039
153374 931418
125892 949696
128006 948290
117436 955320
141747 939151
137519 941963
113208 958132
121664 952508
129063 947587
134348 944072
293955 837919
175571 916655
136462 942666
184027 911031
156545 929309
304525 830889
250618 866742
166058 922982
135405 943369
191426 906110
216794 889238
145975 936339
281271 846355
226307 882911
197768 901892
282328 845652
119550 953914
190369 906813
228421 881505
256960 862524
167115 922279
200939 899783
243219 871663
172400 918764
187198 908922
295012 837216
104752 963756
1000
177685 915249
340463 806987
691387 573591
142804 938448
574060 651624
492671 705755
695615 570779
857336 463220
226591 736712
881792 149366
771719 520163
366888 789412
398598 768322
8072 493306
579345 648109
768548 522272
606766 413219
884818 444942
640651 607335
705128 564452
597314 636158
800258 501182
453562 731766
588255 829395
400106 666506
252732 865336
564547 657951
820341 487825
920756 421040
880590 447754
390711 106802
872134 453378
557148 662872
593086 638970
428194 748638
179799 913843
637480 609444
700530 719437
261188 859712
332007 812611
139633 940557
666019 590463
887989 442833
905090 231150
845709 470953
237934 875178
175135 215395
774890 518054
846766 470250
322494 818938
708299 562343
227364 882208
732610 546174
117872 104981
422909 752153
262245 859009
123778 951102
174514 917358
870020 454784
363717 791521
419738 754262
420795 753559
203053 898377
440878 740202
508526 695210
725211 551095
701957 566561
108980 960944
570889 653733
692444 572888
100524 966568
761006 875629
697729 569373
917289 179581
155488 930012
466246 723330
556091 663575
696363 361717
308753 828077
338349 808393
889046 442130
583573 645297
615496 879754
80834 712584
915471 424555
118493 954617
688216 575700
193540 904704
840424 474468
476327 5321
294342 635903
318266 821750
879533 448457
604713 631237
219965 887129
568775 655139
732059 865414
893274 439318
766434 523678
868031 631549
550806 667090
619511 621395
242162 872366
651221 600305
381686 779570
514868 690992
427137 749341
513811 691695
636423 610147
811885 493449
163944 924388
122721 951805
134348 944072
528769 667183
250618 866742
140690 939854
507469 695913
679760 581324
598371 635455
819284 488528
686417 935437
557891 223391
147359 844602
775947 517351
574428 80342
706185 563749
504298 698022
615283 624207
452505 732469
358432 795036
351669 928304
761149 527193
844652 471656
520153 687477
247447 868851
124835 950399
404940 764104
785460 511024
299118 16477
623739 618583
744237 538441
482101 712785
676589 583433
748465 535629
433479 745123
516982 689586
902787 432991
292898 838622
717812 556016
953655 158849
827740 482904
786517 510321
319323 821047
548063 22100
268587 854791
224193 884317
218908 887832
797087 503291
693501 572185
151260 932824
156758 987882
197768 901892
630081 614365
393313 771837
429251 747935
728382 548986
327779 815423
749522 534926
447220 735984
921466 601850
90736 317358
104752 963756
876362 450566
836196 477280
303468 831592
742995 311594
364774 790818
566661 656545
255903 863227
415510 757074
540236 674120
687159 576403
385914 776758
734724 544768
275986 849870
378515 781679
186141 909625
900673 434397
329893 814017
323551 818235
660290 854041
487386 709270
901730 433694
464132 724736
858393 462517
267434 480853
143861 937745
693966 30055
660734 593978
757978 529302
862621 459705
34411 50758
133566 44934
919699 421743
463075 725439
791802 506806
723097 552501
489500 707864
803429 499073
928155 416119
543407 672011
101581 965865
486044 858218
330950 813314
812942 492746
502184 699428
435593 743717
119550 953914
396484 769728
371116 786600
425023 750747
842538 473062
934497 411901
155909 965013
223136 885020
258034 158542
173457 918061
600485 634049
149146 934230
609998 627722
526495 683259
341520 806284
273872 851276
910186 428070
829854 481498
661791 593275
648050 602414
501127 700131
281271 846355
743290 380755
477873 715597
272815 851979
695724 122770
488443 708567
532837 679041
121664 952508
386971 776055
737895 542659
210452 893456
589747 612606
885875 444239
856986 901881
740009 541253
825626 484310
360180 673879
342577 805581
110037 960241
529666 681150
132234 945478
391199 773243
616299 546554
162887 925091
849937 468141
374287 784491
497956 702240
670247 587651
196711 902595
361603 792927
911243 427367
903844 432288
824569 485013
167115 922279
407054 762698
56981 668979
737729 366247
712527 559531
360546 793630
356436 150457
295012 837216
311924 825968
843595 472359
130120 946884
878476 449160
892217 440021
362660 792224
521210 686774
779118 515242
181913 912437
141747 939151
958192 703929
125892 949696
175571 916655
876044 553023
388028 775352
555034 664278
730390 105071
160773 926497
834082 478686
931295 555585
249561 867445
377458 782382
537065 676229
601542 633346
841481 473765
642765 605929
300297 833701
214680 890644
234763 877287
468360 721924
863678 459002
58821 3861
534951 677635
594143 638267
653335 598899
816113 490637
555395 690283
864735 458299
349976 800660
536008 676932
759035 528599
353147 798551
200939 899783
479030 818768
551863 666387
81737 550904
935554 411198
754807 531411
314038 824562
336235 809799
414453 757777
722040 553204
301354 832998
661194 687090
612112 626316
263302 858306
444049 738093
765610 677192
420134 296947
882704 446348
640410 219298
285499 843543
741066 540550
405997 763401
600511 463104
113208 958132
724154 551798
448277 735281
818243 793715
939782 408386
161830 925794
172400 918764
902313 708694
467231 883709
346805 802769
333642 653083
657680 725972
802372 499776
115322 956726
699843 567967
854165 465329
76923 159307
821398 487122
254846 863930
390142 773946
662848 592572
613169 625613
259074 861118
153374 931418
351033 799957
788117 116149
369002 788006
673418 585542
248504 868148
727325 549689
385242 204895
953581 838966
818227 489231
538122 675526
681936 949463
827888 892213
760092 527896
157602 928606
966432 503942
176628 915952
838614 751243
359345 774122
519096 688180
232649 878693
413396 758480
302411 832295
589408 75120
59532 781070
494785 704349
606827 629831
852051 466735
853728 850187
305582 830186
865792 457596
778061 515945
412339 759183
133291 944775
120607 953211
129063 947587
855222 464626
499013 701537
720983 553907
937668 409792
846065 854244
293955 837919
860507 461111
638537 608741
831968 480092
596257 636861
932383 413307
710413 560937
379572 780976
384857 777461
445106 737390
537279 143585
567718 655842
131177 946181
677646 582730
694558 571482
801315 500479
505502 771771
458847 728251
309810 827374
168172 921576
861564 460408
731553 546877
225250 883614
549749 667793
344691 804175
238991 874475
565604 657248
549495 736635
767491 522975
253789 864633
506412 696616
590972 640376
727458 666607
137519 941963
512754 692398
525438 683962
455676 730360
784403 511727
808714 495558
370059 787303
621625 619989
917585 423149
531780 679744
624796 617880
117436 955320
789688 508212
411282 759886
868963 455487
927396 529264
697805 877408
709356 561640
540961 717477
745294 537738
486329 709973
661959 845938
658620 595384
265416 856900
782289 513133
274929 850573
208338 894862
204110 897674
145975 936339
787574 509618
496899 702943
355261 797145
322647 220161
348919 801363
288670 841434
297847 993483
645936 603820
813999 492043
729439 548283
657563 596087
144918 937042
930269 414713
325665 816829
317209 822453
359489 794333
460961 726845
375344 783788
631138 613662
385772 69721
246136 90386
380629 780273
304525 830889
726268 550392
50219 784940
602599 632643
264359 857603
894331 438615
451448 733172
361159 76702
282342 838569
217851 888535
229478 880802
652278 599602
772776 519460
150203 933527
956487 554220
356318 796442
577231 649515
871077 454081
361683 733181
316152 823156
105809 963053
421852 752856
646993 603117
762206 526490
896445 437209
853108 466032
284442 844246
576174 650218
470474 720518
813518 101223
184027 911031
388352 290803
26629 889963
315095 823859
938725 409089
449334 734578
493728 705052
626910 616474
826683 483607
913357 425961
799201 501885
527801 746616
830911 480795
922870 419634
318925 832325
696672 570076
761363 289304
669493 357948
805752 948235
154431 930715
456733 729657
324608 817532
222079 885723
282328 845652
221022 886426
306639 829483
426080 750044
548692 668496
910346 239052
102638 965162
270701 853385
833025 479389
485272 710676
467303 722627
914414 425258
664962 591166
180856 913140
685045 577809
767906 852964
847147 250311
403883 764807
430308 747232
112151 958835
796030 503994
192483 905407
634309 611553
812908 136339
147032 935636
510640 693804
789165 755708
480686 251687
792859 506103
152317 932121
244276 870960
628335 323901
477394 709013
195654 903298
656506 596790
616340 623504
357375 795739
148089 934933
188255 908219
246390 869554
339406 807690
335178 810502
442992 738796
711470 560234
205167 896971
804486 498370
476816 716300
847823 469547
574762 19443
412619 839290
215737 889941
561376 660060
165001 923685
584630 644594
277043 849167
668133 589057
364231 192907
432422 745826
714641 558125
321437 819641
171591 78444
581459 646703
297126 835810
607884 629128
713584 558828
899616 435100
228421 881505
377459 274523
511697 693101
182970 911734
478930 714894
890931 902248
409168 761292
809135 526768
500070 700834
171343 919467
5059 778127
586744 643188
232612 90248
400712 766916
483158 712082
838310 475874
290784 840028
116379 956023
539179 674823
434536 744420
562433 659357
569832 654436
588858 641782
14282 587514
667076 589760
474702 717706
58314 787172
933440 412604
545521 670605
788631 508915
345748 803472
916528 423852
600741 917743
283385 844949
755864 530708
611055 627019
770662 520866
873506 920256
859450 461814
890103 441427
258017 861821
700900 567264
920453 497641
509583 694507
423966 751450
397541 769025
674475 584839
625853 617177
106866 962350
530723 680447
136462 942666
188117 802880
764320 525084
828797 482201
592029 639673
736838 543362
481044 713488
610146 354453
307834 60199
560319 660763
454619 731063
284607 106530
31730 978378
747408 536332
352090 799254
681423 823039
707242 563046
738952 541956
320403 919150
553977 664981
840444 714337
587801 642485
412635 748929
243219 871663
680817 580621
926041 417525
468767 129966
230535 880099
814330 34633
881369 158822
532378 694558
373230 785194
181264 183207
605770 630534
558205 662169
895388 437912
291841 839325
185084 910328
563490 658654
580402 647406
822455 486419
881647 447051
280214 847058
936611 410495
639594 608038
850994 467438
178374 802332
798144 502588
629024 615068
256960 862524
264605 403973
543579 944007
912300 426664
287613 842137
446163 736687
260131 860415
34136 532586
508351 553853
468287 659736
683988 578512
733667 545471
582516 646000
678703 582027
401769 766213
921813 420337
855974 424898
897502 436506
135405 943369
328836 814720
848880 468844
457790 728954
296069 836513
417624 755668
187198 908922
794973 504697
365831 790115
394370 771134
191426 906110
528609 681853
883761 445645
649107 601711
873191 452675
866849 456893
158659 927903
675532 584136
216794 889238
159716 927200
544464 671308
769605 521569
226307 882911
655449 597493
500451 98
641708 606632
726189 428820
399655 767619
244397 615627
178300 268810
170286 920170
578288 648812
505355 697319
233706 877990
111094 959538
177592 560568
235820 876584
616289 759092
347862 802066
463247 983873
763263 525787
715698 557422
874248 451972
298183 835107
543532 35191
839367 475171
835139 477983
523324 685368
458865 379448
856279 463923
927098 416822
671304 586948
475759 717003
703014 565858
189312 907516
559262 661466
585028 224650
681874 579918
650164 601008
686102 577106
473014 872716
472588 719112
543238 653974
267530 855494
810828 494152
641622 907204
663905 591869
571946 653030
207281 895565
271758 852682
752693 532817
380200 985783
190369 906813
206224 896268
929212 415416
438764 741608
289727 840731
469417 721221
407095 809610
251675 866039
924984 418228
742123 539847
675837 951266
201996 899080
169229 920873
719572 713368
114265 957429
191021 940565
781232 513836
790389 389668
194597 904001
690330 574294
846144 99266
735781 544065
905958 430882
898559 435803
395427 770431
107923 961647
682931 579215
300668 435044
126949 948993
484215 711379
392256 772540
698786 568670
805543 497667
241105 873069
286556 842840
589915 641079
746351 537035
877419 449863
333064 811908
178742 914546
644879 604523
837253 476577
299240 834404
199882 900486
823512 485716
337292 809096
410225 760589
783346 512430
383800 778164
21177 431330
490557 707161
916123 456121
573003 652327
416004 544288
46478 379915
200041 199426
416567 756371
699446 734904
908072 429476
790745 507509
552920 665684
266473 856197
541293 673417
533894 678338
279157 847761
672361 586245
402826 765510
354204 797848
522267 686071
751636 533520
817170 489934
807657 496261
4734 247446
376401 783085
491614 706458
320380 820344
408111 761995
437707 742311
439821 740905
312981 825265
546578 669902
103695 964459
372173 785897
213623 891347
245333 870257
503241 698725
689273 574997
65082 338517
87321 370366
441935 739499
407936 174018
891160 440724
462018 726142
659677 594681
931326 414010
608941 628425
343634 804878
547635 669199
599428 634752
471531 719815
809771 494855
524381 684665
535459 133411
99467 967271
138576 941260
716755 556719
418681 754965
173180 986937
907015 430179
654392 598196
211509 892753
719926 554610
459904 727548
450391 733875
886932 443536
909129 428773
45616 523210
542350 672714
773833 518757
109833 776732
127952 375104
284729 350958
479987 714191
876067 773089
326722 816126
718869 555313
389085 774649
875305 451269
392030 869214
815056 491340
382743 778867
635366 610850
780175 514539
98410 967974
750579 534223
465189 724033
669190 588354
918642 422446
704071 565155
310867 826671
527552 682556
632972 60135
198825 901189
643822 605226
618454 622098
166058 922982
212566 892050
929925 895333
620568 620692
617397 622801
575117 650921
585687 643891
240048 873772
806600 496964
495842 703646
622682 619286
278100 848464
606171 473533
798098 715439
367945 788709
595200 637564
633252 612256
189832 953991
863471 590640
384702 203156
632195 612959
585704 566483
603656 631940
236877 875881
231592 879396
473645 718409
173830 752688
756921 530005
628655 976250
515925 690289
735523 332817
793916 505400
599160 415753
28675 467583
923927 418931
340183 730719
867906 456190
920085 456481
269644 854088
743180 539144
812043 864904
370974 1417
765377 524381
753750 532114
128006 948290
156545 929309
431365 746529
334121 811205
436650 743014
956373 889166
209395 894159
614226 624910
777004 516648
627967 615771
904901 431585
