30
499 570
938 388
604 384
684 582
895 353
687 154
693 329
941 157
910 208
562 536
496 458
844 266
732 338
495 336
473 310
894 145
898 503
716 302
659 264
556 185
523 538
823 136
541 253
625 109
662 179
744 203
937 228
534 336
583 463
485 171
100
602 635
604 343
248 77
357 576
364 493
6 847
721 743
852 295
736 386
685 917
151 242
640 319
124 291
226 73
453 132
600 244
302 461
57 642
55 510
56 888
555 578
854 745
718 593
242 40
480 991
296 550
482 504
539 542
298 411
218 749
599 940
458 522
427 624
764 397
815 499
406 703
369 940
102 952
646 376
908 747
137 610
625 143
485 419
385 776
328 588
379 425
92 621
319 661
103 768
346 778
667 506
443 952
516 569
149 473
26 689
308 411
567 443
734 831
163 852
789 347
399 989
172 579
733 448
318 576
507 822
310 828
889 836
409 941
761 628
263 36
651 456
679 151
332 589
322 810
546 698
925 861
844 267
367 561
196 420
312 61
604 531
227 132
779 621
384 589
520 742
861 791
319 698
554 469
196 292
661 674
304 920
717 385
736 825
909 171
448 349
337 872
760 468
418 750
817 160
510 394
