(1,1) 検索開始!!
(1,1) 深さ 0 の探索開始
 2 2 2 2 2 2 2
 2 1 1 1 0 1 2
 2 1 1 0 0 0 2
 2 1 0 0 0 1 2
 2 2 2 2 2 2 2
(1,1) 深さ0 を割ります
 2 2 2 2 2 2 2
 2 0 1 1 0 1 2
 2 1 1 0 0 0 2
 2 1 0 0 0 1 2
 2 2 2 2 2 2 2
(2,1)は渡れる→次の再帰へ
(1,2) 深さ 1 の探索開始
 2 2 2 2 2 2 2
 2 0 1 1 0 1 2
 2 1 1 0 0 0 2
 2 1 0 0 0 1 2
 2 2 2 2 2 2 2
(1,2) 深さ1 を割ります
 2 2 2 2 2 2 2
 2 0 0 1 0 1 2
 2 1 1 0 0 0 2
 2 1 0 0 0 1 2
 2 2 2 2 2 2 2
(3,1)は渡れる→次の再帰へ
(1,3) 深さ 2 の探索開始
 2 2 2 2 2 2 2
 2 0 0 1 0 1 2
 2 1 1 0 0 0 2
 2 1 0 0 0 1 2
 2 2 2 2 2 2 2
(1,3) 深さ2 を割ります
 2 2 2 2 2 2 2
 2 0 0 0 0 1 2
 2 1 1 0 0 0 2
 2 1 0 0 0 1 2
 2 2 2 2 2 2 2
(4,1)は0のため渡れない
(2,1)は0のため渡れない
(3,2)は0のため渡れない
(3,0)は2のため渡れない
(3,1)で詰みました 深さは3です
(3,1)で 深さ 2 での探索完了→(3,1)を埋める
 2 2 2 2 2 2 2
 2 0 0 1 0 1 2
 2 1 1 0 0 0 2
 2 1 0 0 0 1 2
 2 2 2 2 2 2 2
(1,1)は0のため渡れない
(2,2)は渡れる→次の再帰へ
(2,2) 深さ 2 の探索開始
 2 2 2 2 2 2 2
 2 0 0 1 0 1 2
 2 1 1 0 0 0 2
 2 1 0 0 0 1 2
 2 2 2 2 2 2 2
(2,2) 深さ2 を割ります
 2 2 2 2 2 2 2
 2 0 0 1 0 1 2
 2 1 0 0 0 0 2
 2 1 0 0 0 1 2
 2 2 2 2 2 2 2
(3,2)は0のため渡れない
(1,2)は渡れる→次の再帰へ
(2,1) 深さ 3 の探索開始
 2 2 2 2 2 2 2
 2 0 0 1 0 1 2
 2 1 0 0 0 0 2
 2 1 0 0 0 1 2
 2 2 2 2 2 2 2
(2,1) 深さ3 を割ります
 2 2 2 2 2 2 2
 2 0 0 1 0 1 2
 2 0 0 0 0 0 2
 2 1 0 0 0 1 2
 2 2 2 2 2 2 2
(2,2)は0のため渡れない
(0,2)は2のため渡れない
(1,3)は渡れる→次の再帰へ
(3,1) 深さ 4 の探索開始
 2 2 2 2 2 2 2
 2 0 0 1 0 1 2
 2 0 0 0 0 0 2
 2 1 0 0 0 1 2
 2 2 2 2 2 2 2
(3,1) 深さ4 を割ります
 2 2 2 2 2 2 2
 2 0 0 1 0 1 2
 2 0 0 0 0 0 2
 2 0 0 0 0 1 2
 2 2 2 2 2 2 2
(2,3)は0のため渡れない
(0,3)は2のため渡れない
(1,4)は2のため渡れない
(1,2)は0のため渡れない
(1,3)で詰みました 深さは5です
(1,3)で 深さ 4 での探索完了→(1,3)を埋める
 2 2 2 2 2 2 2
 2 0 0 1 0 1 2
 2 0 0 0 0 0 2
 2 1 0 0 0 1 2
 2 2 2 2 2 2 2
(1,1)は0のため渡れない
(1,2)で 深さ 3 での探索完了→(1,2)を埋める
 2 2 2 2 2 2 2
 2 0 0 1 0 1 2
 2 1 0 0 0 0 2
 2 1 0 0 0 1 2
 2 2 2 2 2 2 2
(2,3)は0のため渡れない
(2,1)は0のため渡れない
(2,2)で 深さ 2 での探索完了→(2,2)を埋める
 2 2 2 2 2 2 2
 2 0 0 1 0 1 2
 2 1 1 0 0 0 2
 2 1 0 0 0 1 2
 2 2 2 2 2 2 2
(2,0)は2のため渡れない
(2,1)で 深さ 1 での探索完了→(2,1)を埋める
 2 2 2 2 2 2 2
 2 0 1 1 0 1 2
 2 1 1 0 0 0 2
 2 1 0 0 0 1 2
 2 2 2 2 2 2 2
(0,1)は2のため渡れない
(1,2)は渡れる→次の再帰へ
(2,1) 深さ 1 の探索開始
 2 2 2 2 2 2 2
 2 0 1 1 0 1 2
 2 1 1 0 0 0 2
 2 1 0 0 0 1 2
 2 2 2 2 2 2 2
(2,1) 深さ1 を割ります
 2 2 2 2 2 2 2
 2 0 1 1 0 1 2
 2 0 1 0 0 0 2
 2 1 0 0 0 1 2
 2 2 2 2 2 2 2
(2,2)は渡れる→次の再帰へ
(2,2) 深さ 2 の探索開始
 2 2 2 2 2 2 2
 2 0 1 1 0 1 2
 2 0 1 0 0 0 2
 2 1 0 0 0 1 2
 2 2 2 2 2 2 2
(2,2) 深さ2 を割ります
 2 2 2 2 2 2 2
 2 0 1 1 0 1 2
 2 0 0 0 0 0 2
 2 1 0 0 0 1 2
 2 2 2 2 2 2 2
(3,2)は0のため渡れない
(1,2)は0のため渡れない
(2,3)は0のため渡れない
(2,1)は渡れる→次の再帰へ
(1,2) 深さ 3 の探索開始
 2 2 2 2 2 2 2
 2 0 1 1 0 1 2
 2 0 0 0 0 0 2
 2 1 0 0 0 1 2
 2 2 2 2 2 2 2
(1,2) 深さ3 を割ります
 2 2 2 2 2 2 2
 2 0 0 1 0 1 2
 2 0 0 0 0 0 2
 2 1 0 0 0 1 2
 2 2 2 2 2 2 2
(3,1)は渡れる→次の再帰へ
(1,3) 深さ 4 の探索開始
 2 2 2 2 2 2 2
 2 0 0 1 0 1 2
 2 0 0 0 0 0 2
 2 1 0 0 0 1 2
 2 2 2 2 2 2 2
(1,3) 深さ4 を割ります
 2 2 2 2 2 2 2
 2 0 0 0 0 1 2
 2 0 0 0 0 0 2
 2 1 0 0 0 1 2
 2 2 2 2 2 2 2
(4,1)は0のため渡れない
(2,1)は0のため渡れない
(3,2)は0のため渡れない
(3,0)は2のため渡れない
(3,1)で詰みました 深さは5です
(3,1)で 深さ 4 での探索完了→(3,1)を埋める
 2 2 2 2 2 2 2
 2 0 0 1 0 1 2
 2 0 0 0 0 0 2
 2 1 0 0 0 1 2
 2 2 2 2 2 2 2
(1,1)は0のため渡れない
(2,2)は0のため渡れない
(2,0)は2のため渡れない
(2,1)で 深さ 3 での探索完了→(2,1)を埋める
 2 2 2 2 2 2 2
 2 0 1 1 0 1 2
 2 0 0 0 0 0 2
 2 1 0 0 0 1 2
 2 2 2 2 2 2 2
(2,2)で 深さ 2 での探索完了→(2,2)を埋める
 2 2 2 2 2 2 2
 2 0 1 1 0 1 2
 2 0 1 0 0 0 2
 2 1 0 0 0 1 2
 2 2 2 2 2 2 2
(0,2)は2のため渡れない
(1,3)は渡れる→次の再帰へ
(3,1) 深さ 2 の探索開始
 2 2 2 2 2 2 2
 2 0 1 1 0 1 2
 2 0 1 0 0 0 2
 2 1 0 0 0 1 2
 2 2 2 2 2 2 2
(3,1) 深さ2 を割ります
 2 2 2 2 2 2 2
 2 0 1 1 0 1 2
 2 0 1 0 0 0 2
 2 0 0 0 0 1 2
 2 2 2 2 2 2 2
(2,3)は0のため渡れない
(0,3)は2のため渡れない
(1,4)は2のため渡れない
(1,2)は0のため渡れない
(1,3)で詰みました 深さは3です
(1,3)で 深さ 2 での探索完了→(1,3)を埋める
 2 2 2 2 2 2 2
 2 0 1 1 0 1 2
 2 0 1 0 0 0 2
 2 1 0 0 0 1 2
 2 2 2 2 2 2 2
(1,1)は0のため渡れない
(1,2)で 深さ 1 での探索完了→(1,2)を埋める
 2 2 2 2 2 2 2
 2 0 1 1 0 1 2
 2 1 1 0 0 0 2
 2 1 0 0 0 1 2
 2 2 2 2 2 2 2
(1,0)は2のため渡れない
(1,1)で 深さ 0 での探索完了→(1,1)を埋める
 2 2 2 2 2 2 2
 2 1 1 1 0 1 2
 2 1 1 0 0 0 2
 2 1 0 0 0 1 2
 2 2 2 2 2 2 2
(2,1) 検索開始!!
(1,2) 深さ 0 の探索開始
 2 2 2 2 2 2 2
 2 1 1 1 0 1 2
 2 1 1 0 0 0 2
 2 1 0 0 0 1 2
 2 2 2 2 2 2 2
(1,2) 深さ0 を割ります
 2 2 2 2 2 2 2
 2 1 0 1 0 1 2
 2 1 1 0 0 0 2
 2 1 0 0 0 1 2
 2 2 2 2 2 2 2
(3,1)は渡れる→次の再帰へ
(1,3) 深さ 1 の探索開始
 2 2 2 2 2 2 2
 2 1 0 1 0 1 2
 2 1 1 0 0 0 2
 2 1 0 0 0 1 2
 2 2 2 2 2 2 2
(1,3) 深さ1 を割ります
 2 2 2 2 2 2 2
 2 1 0 0 0 1 2
 2 1 1 0 0 0 2
 2 1 0 0 0 1 2
 2 2 2 2 2 2 2
(4,1)は0のため渡れない
(2,1)は0のため渡れない
(3,2)は0のため渡れない
(3,0)は2のため渡れない
(3,1)で詰みました 深さは2です
(3,1)で 深さ 1 での探索完了→(3,1)を埋める
 2 2 2 2 2 2 2
 2 1 0 1 0 1 2
 2 1 1 0 0 0 2
 2 1 0 0 0 1 2
 2 2 2 2 2 2 2
(1,1)は渡れる→次の再帰へ
(1,1) 深さ 1 の探索開始
 2 2 2 2 2 2 2
 2 1 0 1 0 1 2
 2 1 1 0 0 0 2
 2 1 0 0 0 1 2
 2 2 2 2 2 2 2
(1,1) 深さ1 を割ります
 2 2 2 2 2 2 2
 2 0 0 1 0 1 2
 2 1 1 0 0 0 2
 2 1 0 0 0 1 2
 2 2 2 2 2 2 2
(2,1)は0のため渡れない
(0,1)は2のため渡れない
(1,2)は渡れる→次の再帰へ
(2,1) 深さ 2 の探索開始
 2 2 2 2 2 2 2
 2 0 0 1 0 1 2
 2 1 1 0 0 0 2
 2 1 0 0 0 1 2
 2 2 2 2 2 2 2
(2,1) 深さ2 を割ります
 2 2 2 2 2 2 2
 2 0 0 1 0 1 2
 2 0 1 0 0 0 2
 2 1 0 0 0 1 2
 2 2 2 2 2 2 2
(2,2)は渡れる→次の再帰へ
(2,2) 深さ 3 の探索開始
 2 2 2 2 2 2 2
 2 0 0 1 0 1 2
 2 0 1 0 0 0 2
 2 1 0 0 0 1 2
 2 2 2 2 2 2 2
(2,2) 深さ3 を割ります
 2 2 2 2 2 2 2
 2 0 0 1 0 1 2
 2 0 0 0 0 0 2
 2 1 0 0 0 1 2
 2 2 2 2 2 2 2
(3,2)は0のため渡れない
(1,2)は0のため渡れない
(2,3)は0のため渡れない
(2,1)は0のため渡れない
(2,2)で詰みました 深さは4です
(2,2)で 深さ 3 での探索完了→(2,2)を埋める
 2 2 2 2 2 2 2
 2 0 0 1 0 1 2
 2 0 1 0 0 0 2
 2 1 0 0 0 1 2
 2 2 2 2 2 2 2
(0,2)は2のため渡れない
(1,3)は渡れる→次の再帰へ
(3,1) 深さ 3 の探索開始
 2 2 2 2 2 2 2
 2 0 0 1 0 1 2
 2 0 1 0 0 0 2
 2 1 0 0 0 1 2
 2 2 2 2 2 2 2
(3,1) 深さ3 を割ります
 2 2 2 2 2 2 2
 2 0 0 1 0 1 2
 2 0 1 0 0 0 2
 2 0 0 0 0 1 2
 2 2 2 2 2 2 2
(2,3)は0のため渡れない
(0,3)は2のため渡れない
(1,4)は2のため渡れない
(1,2)は0のため渡れない
(1,3)で詰みました 深さは4です
(1,3)で 深さ 3 での探索完了→(1,3)を埋める
 2 2 2 2 2 2 2
 2 0 0 1 0 1 2
 2 0 1 0 0 0 2
 2 1 0 0 0 1 2
 2 2 2 2 2 2 2
(1,1)は0のため渡れない
(1,2)で 深さ 2 での探索完了→(1,2)を埋める
 2 2 2 2 2 2 2
 2 0 0 1 0 1 2
 2 1 1 0 0 0 2
 2 1 0 0 0 1 2
 2 2 2 2 2 2 2
(1,0)は2のため渡れない
(1,1)で 深さ 1 での探索完了→(1,1)を埋める
 2 2 2 2 2 2 2
 2 1 0 1 0 1 2
 2 1 1 0 0 0 2
 2 1 0 0 0 1 2
 2 2 2 2 2 2 2
(2,2)は渡れる→次の再帰へ
(2,2) 深さ 1 の探索開始
 2 2 2 2 2 2 2
 2 1 0 1 0 1 2
 2 1 1 0 0 0 2
 2 1 0 0 0 1 2
 2 2 2 2 2 2 2
(2,2) 深さ1 を割ります
 2 2 2 2 2 2 2
 2 1 0 1 0 1 2
 2 1 0 0 0 0 2
 2 1 0 0 0 1 2
 2 2 2 2 2 2 2
(3,2)は0のため渡れない
(1,2)は渡れる→次の再帰へ
(2,1) 深さ 2 の探索開始
 2 2 2 2 2 2 2
 2 1 0 1 0 1 2
 2 1 0 0 0 0 2
 2 1 0 0 0 1 2
 2 2 2 2 2 2 2
(2,1) 深さ2 を割ります
 2 2 2 2 2 2 2
 2 1 0 1 0 1 2
 2 0 0 0 0 0 2
 2 1 0 0 0 1 2
 2 2 2 2 2 2 2
(2,2)は0のため渡れない
(0,2)は2のため渡れない
(1,3)は渡れる→次の再帰へ
(3,1) 深さ 3 の探索開始
 2 2 2 2 2 2 2
 2 1 0 1 0 1 2
 2 0 0 0 0 0 2
 2 1 0 0 0 1 2
 2 2 2 2 2 2 2
(3,1) 深さ3 を割ります
 2 2 2 2 2 2 2
 2 1 0 1 0 1 2
 2 0 0 0 0 0 2
 2 0 0 0 0 1 2
 2 2 2 2 2 2 2
(2,3)は0のため渡れない
(0,3)は2のため渡れない
(1,4)は2のため渡れない
(1,2)は0のため渡れない
(1,3)で詰みました 深さは4です
(1,3)で 深さ 3 での探索完了→(1,3)を埋める
 2 2 2 2 2 2 2
 2 1 0 1 0 1 2
 2 0 0 0 0 0 2
 2 1 0 0 0 1 2
 2 2 2 2 2 2 2
(1,1)は渡れる→次の再帰へ
(1,1) 深さ 3 の探索開始
 2 2 2 2 2 2 2
 2 1 0 1 0 1 2
 2 0 0 0 0 0 2
 2 1 0 0 0 1 2
 2 2 2 2 2 2 2
(1,1) 深さ3 を割ります
 2 2 2 2 2 2 2
 2 0 0 1 0 1 2
 2 0 0 0 0 0 2
 2 1 0 0 0 1 2
 2 2 2 2 2 2 2
(2,1)は0のため渡れない
(0,1)は2のため渡れない
(1,2)は0のため渡れない
(1,0)は2のため渡れない
(1,1)で詰みました 深さは4です
(1,1)で 深さ 3 での探索完了→(1,1)を埋める
 2 2 2 2 2 2 2
 2 1 0 1 0 1 2
 2 0 0 0 0 0 2
 2 1 0 0 0 1 2
 2 2 2 2 2 2 2
(1,2)で 深さ 2 での探索完了→(1,2)を埋める
 2 2 2 2 2 2 2
 2 1 0 1 0 1 2
 2 1 0 0 0 0 2
 2 1 0 0 0 1 2
 2 2 2 2 2 2 2
(2,3)は0のため渡れない
(2,1)は0のため渡れない
(2,2)で 深さ 1 での探索完了→(2,2)を埋める
 2 2 2 2 2 2 2
 2 1 0 1 0 1 2
 2 1 1 0 0 0 2
 2 1 0 0 0 1 2
 2 2 2 2 2 2 2
(2,0)は2のため渡れない
(2,1)で 深さ 0 での探索完了→(2,1)を埋める
 2 2 2 2 2 2 2
 2 1 1 1 0 1 2
 2 1 1 0 0 0 2
 2 1 0 0 0 1 2
 2 2 2 2 2 2 2
(3,1) 検索開始!!
(1,3) 深さ 0 の探索開始
 2 2 2 2 2 2 2
 2 1 1 1 0 1 2
 2 1 1 0 0 0 2
 2 1 0 0 0 1 2
 2 2 2 2 2 2 2
(1,3) 深さ0 を割ります
 2 2 2 2 2 2 2
 2 1 1 0 0 1 2
 2 1 1 0 0 0 2
 2 1 0 0 0 1 2
 2 2 2 2 2 2 2
(4,1)は0のため渡れない
(2,1)は渡れる→次の再帰へ
(1,2) 深さ 1 の探索開始
 2 2 2 2 2 2 2
 2 1 1 0 0 1 2
 2 1 1 0 0 0 2
 2 1 0 0 0 1 2
 2 2 2 2 2 2 2
(1,2) 深さ1 を割ります
 2 2 2 2 2 2 2
 2 1 0 0 0 1 2
 2 1 1 0 0 0 2
 2 1 0 0 0 1 2
 2 2 2 2 2 2 2
(3,1)は0のため渡れない
(1,1)は渡れる→次の再帰へ
(1,1) 深さ 2 の探索開始
 2 2 2 2 2 2 2
 2 1 0 0 0 1 2
 2 1 1 0 0 0 2
 2 1 0 0 0 1 2
 2 2 2 2 2 2 2
(1,1) 深さ2 を割ります
 2 2 2 2 2 2 2
 2 0 0 0 0 1 2
 2 1 1 0 0 0 2
 2 1 0 0 0 1 2
 2 2 2 2 2 2 2
(2,1)は0のため渡れない
(0,1)は2のため渡れない
(1,2)は渡れる→次の再帰へ
(2,1) 深さ 3 の探索開始
 2 2 2 2 2 2 2
 2 0 0 0 0 1 2
 2 1 1 0 0 0 2
 2 1 0 0 0 1 2
 2 2 2 2 2 2 2
(2,1) 深さ3 を割ります
 2 2 2 2 2 2 2
 2 0 0 0 0 1 2
 2 0 1 0 0 0 2
 2 1 0 0 0 1 2
 2 2 2 2 2 2 2
(2,2)は渡れる→次の再帰へ
(2,2) 深さ 4 の探索開始
 2 2 2 2 2 2 2
 2 0 0 0 0 1 2
 2 0 1 0 0 0 2
 2 1 0 0 0 1 2
 2 2 2 2 2 2 2
(2,2) 深さ4 を割ります
 2 2 2 2 2 2 2
 2 0 0 0 0 1 2
 2 0 0 0 0 0 2
 2 1 0 0 0 1 2
 2 2 2 2 2 2 2
(3,2)は0のため渡れない
(1,2)は0のため渡れない
(2,3)は0のため渡れない
(2,1)は0のため渡れない
(2,2)で詰みました 深さは5です
(2,2)で 深さ 4 での探索完了→(2,2)を埋める
 2 2 2 2 2 2 2
 2 0 0 0 0 1 2
 2 0 1 0 0 0 2
 2 1 0 0 0 1 2
 2 2 2 2 2 2 2
(0,2)は2のため渡れない
(1,3)は渡れる→次の再帰へ
(3,1) 深さ 4 の探索開始
 2 2 2 2 2 2 2
 2 0 0 0 0 1 2
 2 0 1 0 0 0 2
 2 1 0 0 0 1 2
 2 2 2 2 2 2 2
(3,1) 深さ4 を割ります
 2 2 2 2 2 2 2
 2 0 0 0 0 1 2
 2 0 1 0 0 0 2
 2 0 0 0 0 1 2
 2 2 2 2 2 2 2
(2,3)は0のため渡れない
(0,3)は2のため渡れない
(1,4)は2のため渡れない
(1,2)は0のため渡れない
(1,3)で詰みました 深さは5です
(1,3)で 深さ 4 での探索完了→(1,3)を埋める
 2 2 2 2 2 2 2
 2 0 0 0 0 1 2
 2 0 1 0 0 0 2
 2 1 0 0 0 1 2
 2 2 2 2 2 2 2
(1,1)は0のため渡れない
(1,2)で 深さ 3 での探索完了→(1,2)を埋める
 2 2 2 2 2 2 2
 2 0 0 0 0 1 2
 2 1 1 0 0 0 2
 2 1 0 0 0 1 2
 2 2 2 2 2 2 2
(1,0)は2のため渡れない
(1,1)で 深さ 2 での探索完了→(1,1)を埋める
 2 2 2 2 2 2 2
 2 1 0 0 0 1 2
 2 1 1 0 0 0 2
 2 1 0 0 0 1 2
 2 2 2 2 2 2 2
(2,2)は渡れる→次の再帰へ
(2,2) 深さ 2 の探索開始
 2 2 2 2 2 2 2
 2 1 0 0 0 1 2
 2 1 1 0 0 0 2
 2 1 0 0 0 1 2
 2 2 2 2 2 2 2
(2,2) 深さ2 を割ります
 2 2 2 2 2 2 2
 2 1 0 0 0 1 2
 2 1 0 0 0 0 2
 2 1 0 0 0 1 2
 2 2 2 2 2 2 2
(3,2)は0のため渡れない
(1,2)は渡れる→次の再帰へ
(2,1) 深さ 3 の探索開始
 2 2 2 2 2 2 2
 2 1 0 0 0 1 2
 2 1 0 0 0 0 2
 2 1 0 0 0 1 2
 2 2 2 2 2 2 2
(2,1) 深さ3 を割ります
 2 2 2 2 2 2 2
 2 1 0 0 0 1 2
 2 0 0 0 0 0 2
 2 1 0 0 0 1 2
 2 2 2 2 2 2 2
(2,2)は0のため渡れない
(0,2)は2のため渡れない
(1,3)は渡れる→次の再帰へ
(3,1) 深さ 4 の探索開始
 2 2 2 2 2 2 2
 2 1 0 0 0 1 2
 2 0 0 0 0 0 2
 2 1 0 0 0 1 2
 2 2 2 2 2 2 2
(3,1) 深さ4 を割ります
 2 2 2 2 2 2 2
 2 1 0 0 0 1 2
 2 0 0 0 0 0 2
 2 0 0 0 0 1 2
 2 2 2 2 2 2 2
(2,3)は0のため渡れない
(0,3)は2のため渡れない
(1,4)は2のため渡れない
(1,2)は0のため渡れない
(1,3)で詰みました 深さは5です
(1,3)で 深さ 4 での探索完了→(1,3)を埋める
 2 2 2 2 2 2 2
 2 1 0 0 0 1 2
 2 0 0 0 0 0 2
 2 1 0 0 0 1 2
 2 2 2 2 2 2 2
(1,1)は渡れる→次の再帰へ
(1,1) 深さ 4 の探索開始
 2 2 2 2 2 2 2
 2 1 0 0 0 1 2
 2 0 0 0 0 0 2
 2 1 0 0 0 1 2
 2 2 2 2 2 2 2
(1,1) 深さ4 を割ります
 2 2 2 2 2 2 2
 2 0 0 0 0 1 2
 2 0 0 0 0 0 2
 2 1 0 0 0 1 2
 2 2 2 2 2 2 2
(2,1)は0のため渡れない
(0,1)は2のため渡れない
(1,2)は0のため渡れない
(1,0)は2のため渡れない
(1,1)で詰みました 深さは5です
(1,1)で 深さ 4 での探索完了→(1,1)を埋める
 2 2 2 2 2 2 2
 2 1 0 0 0 1 2
 2 0 0 0 0 0 2
 2 1 0 0 0 1 2
 2 2 2 2 2 2 2
(1,2)で 深さ 3 での探索完了→(1,2)を埋める
 2 2 2 2 2 2 2
 2 1 0 0 0 1 2
 2 1 0 0 0 0 2
 2 1 0 0 0 1 2
 2 2 2 2 2 2 2
(2,3)は0のため渡れない
(2,1)は0のため渡れない
(2,2)で 深さ 2 での探索完了→(2,2)を埋める
 2 2 2 2 2 2 2
 2 1 0 0 0 1 2
 2 1 1 0 0 0 2
 2 1 0 0 0 1 2
 2 2 2 2 2 2 2
(2,0)は2のため渡れない
(2,1)で 深さ 1 での探索完了→(2,1)を埋める
 2 2 2 2 2 2 2
 2 1 1 0 0 1 2
 2 1 1 0 0 0 2
 2 1 0 0 0 1 2
 2 2 2 2 2 2 2
(3,2)は0のため渡れない
(3,0)は2のため渡れない
(3,1)で 深さ 0 での探索完了→(3,1)を埋める
 2 2 2 2 2 2 2
 2 1 1 1 0 1 2
 2 1 1 0 0 0 2
 2 1 0 0 0 1 2
 2 2 2 2 2 2 2
(5,1) 検索開始!!
(1,5) 深さ 0 の探索開始
 2 2 2 2 2 2 2
 2 1 1 1 0 1 2
 2 1 1 0 0 0 2
 2 1 0 0 0 1 2
 2 2 2 2 2 2 2
(1,5) 深さ0 を割ります
 2 2 2 2 2 2 2
 2 1 1 1 0 0 2
 2 1 1 0 0 0 2
 2 1 0 0 0 1 2
 2 2 2 2 2 2 2
(6,1)は2のため渡れない
(4,1)は0のため渡れない
(5,2)は0のため渡れない
(5,0)は2のため渡れない
(5,1)で詰みました 深さは1です
(5,1)で 深さ 0 での探索完了→(5,1)を埋める
 2 2 2 2 2 2 2
 2 1 1 1 0 1 2
 2 1 1 0 0 0 2
 2 1 0 0 0 1 2
 2 2 2 2 2 2 2
(1,2) 検索開始!!
(2,1) 深さ 0 の探索開始
 2 2 2 2 2 2 2
 2 1 1 1 0 1 2
 2 1 1 0 0 0 2
 2 1 0 0 0 1 2
 2 2 2 2 2 2 2
(2,1) 深さ0 を割ります
 2 2 2 2 2 2 2
 2 1 1 1 0 1 2
 2 0 1 0 0 0 2
 2 1 0 0 0 1 2
 2 2 2 2 2 2 2
(2,2)は渡れる→次の再帰へ
(2,2) 深さ 1 の探索開始
 2 2 2 2 2 2 2
 2 1 1 1 0 1 2
 2 0 1 0 0 0 2
 2 1 0 0 0 1 2
 2 2 2 2 2 2 2
(2,2) 深さ1 を割ります
 2 2 2 2 2 2 2
 2 1 1 1 0 1 2
 2 0 0 0 0 0 2
 2 1 0 0 0 1 2
 2 2 2 2 2 2 2
(3,2)は0のため渡れない
(1,2)は0のため渡れない
(2,3)は0のため渡れない
(2,1)は渡れる→次の再帰へ
(1,2) 深さ 2 の探索開始
 2 2 2 2 2 2 2
 2 1 1 1 0 1 2
 2 0 0 0 0 0 2
 2 1 0 0 0 1 2
 2 2 2 2 2 2 2
(1,2) 深さ2 を割ります
 2 2 2 2 2 2 2
 2 1 0 1 0 1 2
 2 0 0 0 0 0 2
 2 1 0 0 0 1 2
 2 2 2 2 2 2 2
(3,1)は渡れる→次の再帰へ
(1,3) 深さ 3 の探索開始
 2 2 2 2 2 2 2
 2 1 0 1 0 1 2
 2 0 0 0 0 0 2
 2 1 0 0 0 1 2
 2 2 2 2 2 2 2
(1,3) 深さ3 を割ります
 2 2 2 2 2 2 2
 2 1 0 0 0 1 2
 2 0 0 0 0 0 2
 2 1 0 0 0 1 2
 2 2 2 2 2 2 2
(4,1)は0のため渡れない
(2,1)は0のため渡れない
(3,2)は0のため渡れない
(3,0)は2のため渡れない
(3,1)で詰みました 深さは4です
(3,1)で 深さ 3 での探索完了→(3,1)を埋める
 2 2 2 2 2 2 2
 2 1 0 1 0 1 2
 2 0 0 0 0 0 2
 2 1 0 0 0 1 2
 2 2 2 2 2 2 2
(1,1)は渡れる→次の再帰へ
(1,1) 深さ 3 の探索開始
 2 2 2 2 2 2 2
 2 1 0 1 0 1 2
 2 0 0 0 0 0 2
 2 1 0 0 0 1 2
 2 2 2 2 2 2 2
(1,1) 深さ3 を割ります
 2 2 2 2 2 2 2
 2 0 0 1 0 1 2
 2 0 0 0 0 0 2
 2 1 0 0 0 1 2
 2 2 2 2 2 2 2
(2,1)は0のため渡れない
(0,1)は2のため渡れない
(1,2)は0のため渡れない
(1,0)は2のため渡れない
(1,1)で詰みました 深さは4です
(1,1)で 深さ 3 での探索完了→(1,1)を埋める
 2 2 2 2 2 2 2
 2 1 0 1 0 1 2
 2 0 0 0 0 0 2
 2 1 0 0 0 1 2
 2 2 2 2 2 2 2
(2,2)は0のため渡れない
(2,0)は2のため渡れない
(2,1)で 深さ 2 での探索完了→(2,1)を埋める
 2 2 2 2 2 2 2
 2 1 1 1 0 1 2
 2 0 0 0 0 0 2
 2 1 0 0 0 1 2
 2 2 2 2 2 2 2
(2,2)で 深さ 1 での探索完了→(2,2)を埋める
 2 2 2 2 2 2 2
 2 1 1 1 0 1 2
 2 0 1 0 0 0 2
 2 1 0 0 0 1 2
 2 2 2 2 2 2 2
(0,2)は2のため渡れない
(1,3)は渡れる→次の再帰へ
(3,1) 深さ 1 の探索開始
 2 2 2 2 2 2 2
 2 1 1 1 0 1 2
 2 0 1 0 0 0 2
 2 1 0 0 0 1 2
 2 2 2 2 2 2 2
(3,1) 深さ1 を割ります
 2 2 2 2 2 2 2
 2 1 1 1 0 1 2
 2 0 1 0 0 0 2
 2 0 0 0 0 1 2
 2 2 2 2 2 2 2
(2,3)は0のため渡れない
(0,3)は2のため渡れない
(1,4)は2のため渡れない
(1,2)は0のため渡れない
(1,3)で詰みました 深さは2です
(1,3)で 深さ 1 での探索完了→(1,3)を埋める
 2 2 2 2 2 2 2
 2 1 1 1 0 1 2
 2 0 1 0 0 0 2
 2 1 0 0 0 1 2
 2 2 2 2 2 2 2
(1,1)は渡れる→次の再帰へ
(1,1) 深さ 1 の探索開始
 2 2 2 2 2 2 2
 2 1 1 1 0 1 2
 2 0 1 0 0 0 2
 2 1 0 0 0 1 2
 2 2 2 2 2 2 2
(1,1) 深さ1 を割ります
 2 2 2 2 2 2 2
 2 0 1 1 0 1 2
 2 0 1 0 0 0 2
 2 1 0 0 0 1 2
 2 2 2 2 2 2 2
(2,1)は渡れる→次の再帰へ
(1,2) 深さ 2 の探索開始
 2 2 2 2 2 2 2
 2 0 1 1 0 1 2
 2 0 1 0 0 0 2
 2 1 0 0 0 1 2
 2 2 2 2 2 2 2
(1,2) 深さ2 を割ります
 2 2 2 2 2 2 2
 2 0 0 1 0 1 2
 2 0 1 0 0 0 2
 2 1 0 0 0 1 2
 2 2 2 2 2 2 2
(3,1)は渡れる→次の再帰へ
(1,3) 深さ 3 の探索開始
 2 2 2 2 2 2 2
 2 0 0 1 0 1 2
 2 0 1 0 0 0 2
 2 1 0 0 0 1 2
 2 2 2 2 2 2 2
(1,3) 深さ3 を割ります
 2 2 2 2 2 2 2
 2 0 0 0 0 1 2
 2 0 1 0 0 0 2
 2 1 0 0 0 1 2
 2 2 2 2 2 2 2
(4,1)は0のため渡れない
(2,1)は0のため渡れない
(3,2)は0のため渡れない
(3,0)は2のため渡れない
(3,1)で詰みました 深さは4です
(3,1)で 深さ 3 での探索完了→(3,1)を埋める
 2 2 2 2 2 2 2
 2 0 0 1 0 1 2
 2 0 1 0 0 0 2
 2 1 0 0 0 1 2
 2 2 2 2 2 2 2
(1,1)は0のため渡れない
(2,2)は渡れる→次の再帰へ
(2,2) 深さ 3 の探索開始
 2 2 2 2 2 2 2
 2 0 0 1 0 1 2
 2 0 1 0 0 0 2
 2 1 0 0 0 1 2
 2 2 2 2 2 2 2
(2,2) 深さ3 を割ります
 2 2 2 2 2 2 2
 2 0 0 1 0 1 2
 2 0 0 0 0 0 2
 2 1 0 0 0 1 2
 2 2 2 2 2 2 2
(3,2)は0のため渡れない
(1,2)は0のため渡れない
(2,3)は0のため渡れない
(2,1)は0のため渡れない
(2,2)で詰みました 深さは4です
(2,2)で 深さ 3 での探索完了→(2,2)を埋める
 2 2 2 2 2 2 2
 2 0 0 1 0 1 2
 2 0 1 0 0 0 2
 2 1 0 0 0 1 2
 2 2 2 2 2 2 2
(2,0)は2のため渡れない
(2,1)で 深さ 2 での探索完了→(2,1)を埋める
 2 2 2 2 2 2 2
 2 0 1 1 0 1 2
 2 0 1 0 0 0 2
 2 1 0 0 0 1 2
 2 2 2 2 2 2 2
(0,1)は2のため渡れない
(1,2)は0のため渡れない
(1,0)は2のため渡れない
(1,1)で 深さ 1 での探索完了→(1,1)を埋める
 2 2 2 2 2 2 2
 2 1 1 1 0 1 2
 2 0 1 0 0 0 2
 2 1 0 0 0 1 2
 2 2 2 2 2 2 2
(1,2)で 深さ 0 での探索完了→(1,2)を埋める
 2 2 2 2 2 2 2
 2 1 1 1 0 1 2
 2 1 1 0 0 0 2
 2 1 0 0 0 1 2
 2 2 2 2 2 2 2
(2,2) 検索開始!!
(2,2) 深さ 0 の探索開始
 2 2 2 2 2 2 2
 2 1 1 1 0 1 2
 2 1 1 0 0 0 2
 2 1 0 0 0 1 2
 2 2 2 2 2 2 2
(2,2) 深さ0 を割ります
 2 2 2 2 2 2 2
 2 1 1 1 0 1 2
 2 1 0 0 0 0 2
 2 1 0 0 0 1 2
 2 2 2 2 2 2 2
(3,2)は0のため渡れない
(1,2)は渡れる→次の再帰へ
(2,1) 深さ 1 の探索開始
 2 2 2 2 2 2 2
 2 1 1 1 0 1 2
 2 1 0 0 0 0 2
 2 1 0 0 0 1 2
 2 2 2 2 2 2 2
(2,1) 深さ1 を割ります
 2 2 2 2 2 2 2
 2 1 1 1 0 1 2
 2 0 0 0 0 0 2
 2 1 0 0 0 1 2
 2 2 2 2 2 2 2
(2,2)は0のため渡れない
(0,2)は2のため渡れない
(1,3)は渡れる→次の再帰へ
(3,1) 深さ 2 の探索開始
 2 2 2 2 2 2 2
 2 1 1 1 0 1 2
 2 0 0 0 0 0 2
 2 1 0 0 0 1 2
 2 2 2 2 2 2 2
(3,1) 深さ2 を割ります
 2 2 2 2 2 2 2
 2 1 1 1 0 1 2
 2 0 0 0 0 0 2
 2 0 0 0 0 1 2
 2 2 2 2 2 2 2
(2,3)は0のため渡れない
(0,3)は2のため渡れない
(1,4)は2のため渡れない
(1,2)は0のため渡れない
(1,3)で詰みました 深さは3です
(1,3)で 深さ 2 での探索完了→(1,3)を埋める
 2 2 2 2 2 2 2
 2 1 1 1 0 1 2
 2 0 0 0 0 0 2
 2 1 0 0 0 1 2
 2 2 2 2 2 2 2
(1,1)は渡れる→次の再帰へ
(1,1) 深さ 2 の探索開始
 2 2 2 2 2 2 2
 2 1 1 1 0 1 2
 2 0 0 0 0 0 2
 2 1 0 0 0 1 2
 2 2 2 2 2 2 2
(1,1) 深さ2 を割ります
 2 2 2 2 2 2 2
 2 0 1 1 0 1 2
 2 0 0 0 0 0 2
 2 1 0 0 0 1 2
 2 2 2 2 2 2 2
(2,1)は渡れる→次の再帰へ
(1,2) 深さ 3 の探索開始
 2 2 2 2 2 2 2
 2 0 1 1 0 1 2
 2 0 0 0 0 0 2
 2 1 0 0 0 1 2
 2 2 2 2 2 2 2
(1,2) 深さ3 を割ります
 2 2 2 2 2 2 2
 2 0 0 1 0 1 2
 2 0 0 0 0 0 2
 2 1 0 0 0 1 2
 2 2 2 2 2 2 2
(3,1)は渡れる→次の再帰へ
(1,3) 深さ 4 の探索開始
 2 2 2 2 2 2 2
 2 0 0 1 0 1 2
 2 0 0 0 0 0 2
 2 1 0 0 0 1 2
 2 2 2 2 2 2 2
(1,3) 深さ4 を割ります
 2 2 2 2 2 2 2
 2 0 0 0 0 1 2
 2 0 0 0 0 0 2
 2 1 0 0 0 1 2
 2 2 2 2 2 2 2
(4,1)は0のため渡れない
(2,1)は0のため渡れない
(3,2)は0のため渡れない
(3,0)は2のため渡れない
(3,1)で詰みました 深さは5です
(3,1)で 深さ 4 での探索完了→(3,1)を埋める
 2 2 2 2 2 2 2
 2 0 0 1 0 1 2
 2 0 0 0 0 0 2
 2 1 0 0 0 1 2
 2 2 2 2 2 2 2
(1,1)は0のため渡れない
(2,2)は0のため渡れない
(2,0)は2のため渡れない
(2,1)で 深さ 3 での探索完了→(2,1)を埋める
 2 2 2 2 2 2 2
 2 0 1 1 0 1 2
 2 0 0 0 0 0 2
 2 1 0 0 0 1 2
 2 2 2 2 2 2 2
(0,1)は2のため渡れない
(1,2)は0のため渡れない
(1,0)は2のため渡れない
(1,1)で 深さ 2 での探索完了→(1,1)を埋める
 2 2 2 2 2 2 2
 2 1 1 1 0 1 2
 2 0 0 0 0 0 2
 2 1 0 0 0 1 2
 2 2 2 2 2 2 2
(1,2)で 深さ 1 での探索完了→(1,2)を埋める
 2 2 2 2 2 2 2
 2 1 1 1 0 1 2
 2 1 0 0 0 0 2
 2 1 0 0 0 1 2
 2 2 2 2 2 2 2
(2,3)は0のため渡れない
(2,1)は渡れる→次の再帰へ
(1,2) 深さ 1 の探索開始
 2 2 2 2 2 2 2
 2 1 1 1 0 1 2
 2 1 0 0 0 0 2
 2 1 0 0 0 1 2
 2 2 2 2 2 2 2
(1,2) 深さ1 を割ります
 2 2 2 2 2 2 2
 2 1 0 1 0 1 2
 2 1 0 0 0 0 2
 2 1 0 0 0 1 2
 2 2 2 2 2 2 2
(3,1)は渡れる→次の再帰へ
(1,3) 深さ 2 の探索開始
 2 2 2 2 2 2 2
 2 1 0 1 0 1 2
 2 1 0 0 0 0 2
 2 1 0 0 0 1 2
 2 2 2 2 2 2 2
(1,3) 深さ2 を割ります
 2 2 2 2 2 2 2
 2 1 0 0 0 1 2
 2 1 0 0 0 0 2
 2 1 0 0 0 1 2
 2 2 2 2 2 2 2
(4,1)は0のため渡れない
(2,1)は0のため渡れない
(3,2)は0のため渡れない
(3,0)は2のため渡れない
(3,1)で詰みました 深さは3です
(3,1)で 深さ 2 での探索完了→(3,1)を埋める
 2 2 2 2 2 2 2
 2 1 0 1 0 1 2
 2 1 0 0 0 0 2
 2 1 0 0 0 1 2
 2 2 2 2 2 2 2
(1,1)は渡れる→次の再帰へ
(1,1) 深さ 2 の探索開始
 2 2 2 2 2 2 2
 2 1 0 1 0 1 2
 2 1 0 0 0 0 2
 2 1 0 0 0 1 2
 2 2 2 2 2 2 2
(1,1) 深さ2 を割ります
 2 2 2 2 2 2 2
 2 0 0 1 0 1 2
 2 1 0 0 0 0 2
 2 1 0 0 0 1 2
 2 2 2 2 2 2 2
(2,1)は0のため渡れない
(0,1)は2のため渡れない
(1,2)は渡れる→次の再帰へ
(2,1) 深さ 3 の探索開始
 2 2 2 2 2 2 2
 2 0 0 1 0 1 2
 2 1 0 0 0 0 2
 2 1 0 0 0 1 2
 2 2 2 2 2 2 2
(2,1) 深さ3 を割ります
 2 2 2 2 2 2 2
 2 0 0 1 0 1 2
 2 0 0 0 0 0 2
 2 1 0 0 0 1 2
 2 2 2 2 2 2 2
(2,2)は0のため渡れない
(0,2)は2のため渡れない
(1,3)は渡れる→次の再帰へ
(3,1) 深さ 4 の探索開始
 2 2 2 2 2 2 2
 2 0 0 1 0 1 2
 2 0 0 0 0 0 2
 2 1 0 0 0 1 2
 2 2 2 2 2 2 2
(3,1) 深さ4 を割ります
 2 2 2 2 2 2 2
 2 0 0 1 0 1 2
 2 0 0 0 0 0 2
 2 0 0 0 0 1 2
 2 2 2 2 2 2 2
(2,3)は0のため渡れない
(0,3)は2のため渡れない
(1,4)は2のため渡れない
(1,2)は0のため渡れない
(1,3)で詰みました 深さは5です
(1,3)で 深さ 4 での探索完了→(1,3)を埋める
 2 2 2 2 2 2 2
 2 0 0 1 0 1 2
 2 0 0 0 0 0 2
 2 1 0 0 0 1 2
 2 2 2 2 2 2 2
(1,1)は0のため渡れない
(1,2)で 深さ 3 での探索完了→(1,2)を埋める
 2 2 2 2 2 2 2
 2 0 0 1 0 1 2
 2 1 0 0 0 0 2
 2 1 0 0 0 1 2
 2 2 2 2 2 2 2
(1,0)は2のため渡れない
(1,1)で 深さ 2 での探索完了→(1,1)を埋める
 2 2 2 2 2 2 2
 2 1 0 1 0 1 2
 2 1 0 0 0 0 2
 2 1 0 0 0 1 2
 2 2 2 2 2 2 2
(2,2)は0のため渡れない
(2,0)は2のため渡れない
(2,1)で 深さ 1 での探索完了→(2,1)を埋める
 2 2 2 2 2 2 2
 2 1 1 1 0 1 2
 2 1 0 0 0 0 2
 2 1 0 0 0 1 2
 2 2 2 2 2 2 2
(2,2)で 深さ 0 での探索完了→(2,2)を埋める
 2 2 2 2 2 2 2
 2 1 1 1 0 1 2
 2 1 1 0 0 0 2
 2 1 0 0 0 1 2
 2 2 2 2 2 2 2
(1,3) 検索開始!!
(3,1) 深さ 0 の探索開始
 2 2 2 2 2 2 2
 2 1 1 1 0 1 2
 2 1 1 0 0 0 2
 2 1 0 0 0 1 2
 2 2 2 2 2 2 2
(3,1) 深さ0 を割ります
 2 2 2 2 2 2 2
 2 1 1 1 0 1 2
 2 1 1 0 0 0 2
 2 0 0 0 0 1 2
 2 2 2 2 2 2 2
(2,3)は0のため渡れない
(0,3)は2のため渡れない
(1,4)は2のため渡れない
(1,2)は渡れる→次の再帰へ
(2,1) 深さ 1 の探索開始
 2 2 2 2 2 2 2
 2 1 1 1 0 1 2
 2 1 1 0 0 0 2
 2 0 0 0 0 1 2
 2 2 2 2 2 2 2
(2,1) 深さ1 を割ります
 2 2 2 2 2 2 2
 2 1 1 1 0 1 2
 2 0 1 0 0 0 2
 2 0 0 0 0 1 2
 2 2 2 2 2 2 2
(2,2)は渡れる→次の再帰へ
(2,2) 深さ 2 の探索開始
 2 2 2 2 2 2 2
 2 1 1 1 0 1 2
 2 0 1 0 0 0 2
 2 0 0 0 0 1 2
 2 2 2 2 2 2 2
(2,2) 深さ2 を割ります
 2 2 2 2 2 2 2
 2 1 1 1 0 1 2
 2 0 0 0 0 0 2
 2 0 0 0 0 1 2
 2 2 2 2 2 2 2
(3,2)は0のため渡れない
(1,2)は0のため渡れない
(2,3)は0のため渡れない
(2,1)は渡れる→次の再帰へ
(1,2) 深さ 3 の探索開始
 2 2 2 2 2 2 2
 2 1 1 1 0 1 2
 2 0 0 0 0 0 2
 2 0 0 0 0 1 2
 2 2 2 2 2 2 2
(1,2) 深さ3 を割ります
 2 2 2 2 2 2 2
 2 1 0 1 0 1 2
 2 0 0 0 0 0 2
 2 0 0 0 0 1 2
 2 2 2 2 2 2 2
(3,1)は渡れる→次の再帰へ
(1,3) 深さ 4 の探索開始
 2 2 2 2 2 2 2
 2 1 0 1 0 1 2
 2 0 0 0 0 0 2
 2 0 0 0 0 1 2
 2 2 2 2 2 2 2
(1,3) 深さ4 を割ります
 2 2 2 2 2 2 2
 2 1 0 0 0 1 2
 2 0 0 0 0 0 2
 2 0 0 0 0 1 2
 2 2 2 2 2 2 2
(4,1)は0のため渡れない
(2,1)は0のため渡れない
(3,2)は0のため渡れない
(3,0)は2のため渡れない
(3,1)で詰みました 深さは5です
(3,1)で 深さ 4 での探索完了→(3,1)を埋める
 2 2 2 2 2 2 2
 2 1 0 1 0 1 2
 2 0 0 0 0 0 2
 2 0 0 0 0 1 2
 2 2 2 2 2 2 2
(1,1)は渡れる→次の再帰へ
(1,1) 深さ 4 の探索開始
 2 2 2 2 2 2 2
 2 1 0 1 0 1 2
 2 0 0 0 0 0 2
 2 0 0 0 0 1 2
 2 2 2 2 2 2 2
(1,1) 深さ4 を割ります
 2 2 2 2 2 2 2
 2 0 0 1 0 1 2
 2 0 0 0 0 0 2
 2 0 0 0 0 1 2
 2 2 2 2 2 2 2
(2,1)は0のため渡れない
(0,1)は2のため渡れない
(1,2)は0のため渡れない
(1,0)は2のため渡れない
(1,1)で詰みました 深さは5です
(1,1)で 深さ 4 での探索完了→(1,1)を埋める
 2 2 2 2 2 2 2
 2 1 0 1 0 1 2
 2 0 0 0 0 0 2
 2 0 0 0 0 1 2
 2 2 2 2 2 2 2
(2,2)は0のため渡れない
(2,0)は2のため渡れない
(2,1)で 深さ 3 での探索完了→(2,1)を埋める
 2 2 2 2 2 2 2
 2 1 1 1 0 1 2
 2 0 0 0 0 0 2
 2 0 0 0 0 1 2
 2 2 2 2 2 2 2
(2,2)で 深さ 2 での探索完了→(2,2)を埋める
 2 2 2 2 2 2 2
 2 1 1 1 0 1 2
 2 0 1 0 0 0 2
 2 0 0 0 0 1 2
 2 2 2 2 2 2 2
(0,2)は2のため渡れない
(1,3)は0のため渡れない
(1,1)は渡れる→次の再帰へ
(1,1) 深さ 2 の探索開始
 2 2 2 2 2 2 2
 2 1 1 1 0 1 2
 2 0 1 0 0 0 2
 2 0 0 0 0 1 2
 2 2 2 2 2 2 2
(1,1) 深さ2 を割ります
 2 2 2 2 2 2 2
 2 0 1 1 0 1 2
 2 0 1 0 0 0 2
 2 0 0 0 0 1 2
 2 2 2 2 2 2 2
(2,1)は渡れる→次の再帰へ
(1,2) 深さ 3 の探索開始
 2 2 2 2 2 2 2
 2 0 1 1 0 1 2
 2 0 1 0 0 0 2
 2 0 0 0 0 1 2
 2 2 2 2 2 2 2
(1,2) 深さ3 を割ります
 2 2 2 2 2 2 2
 2 0 0 1 0 1 2
 2 0 1 0 0 0 2
 2 0 0 0 0 1 2
 2 2 2 2 2 2 2
(3,1)は渡れる→次の再帰へ
(1,3) 深さ 4 の探索開始
 2 2 2 2 2 2 2
 2 0 0 1 0 1 2
 2 0 1 0 0 0 2
 2 0 0 0 0 1 2
 2 2 2 2 2 2 2
(1,3) 深さ4 を割ります
 2 2 2 2 2 2 2
 2 0 0 0 0 1 2
 2 0 1 0 0 0 2
 2 0 0 0 0 1 2
 2 2 2 2 2 2 2
(4,1)は0のため渡れない
(2,1)は0のため渡れない
(3,2)は0のため渡れない
(3,0)は2のため渡れない
(3,1)で詰みました 深さは5です
(3,1)で 深さ 4 での探索完了→(3,1)を埋める
 2 2 2 2 2 2 2
 2 0 0 1 0 1 2
 2 0 1 0 0 0 2
 2 0 0 0 0 1 2
 2 2 2 2 2 2 2
(1,1)は0のため渡れない
(2,2)は渡れる→次の再帰へ
(2,2) 深さ 4 の探索開始
 2 2 2 2 2 2 2
 2 0 0 1 0 1 2
 2 0 1 0 0 0 2
 2 0 0 0 0 1 2
 2 2 2 2 2 2 2
(2,2) 深さ4 を割ります
 2 2 2 2 2 2 2
 2 0 0 1 0 1 2
 2 0 0 0 0 0 2
 2 0 0 0 0 1 2
 2 2 2 2 2 2 2
(3,2)は0のため渡れない
(1,2)は0のため渡れない
(2,3)は0のため渡れない
(2,1)は0のため渡れない
(2,2)で詰みました 深さは5です
(2,2)で 深さ 4 での探索完了→(2,2)を埋める
 2 2 2 2 2 2 2
 2 0 0 1 0 1 2
 2 0 1 0 0 0 2
 2 0 0 0 0 1 2
 2 2 2 2 2 2 2
(2,0)は2のため渡れない
(2,1)で 深さ 3 での探索完了→(2,1)を埋める
 2 2 2 2 2 2 2
 2 0 1 1 0 1 2
 2 0 1 0 0 0 2
 2 0 0 0 0 1 2
 2 2 2 2 2 2 2
(0,1)は2のため渡れない
(1,2)は0のため渡れない
(1,0)は2のため渡れない
(1,1)で 深さ 2 での探索完了→(1,1)を埋める
 2 2 2 2 2 2 2
 2 1 1 1 0 1 2
 2 0 1 0 0 0 2
 2 0 0 0 0 1 2
 2 2 2 2 2 2 2
(1,2)で 深さ 1 での探索完了→(1,2)を埋める
 2 2 2 2 2 2 2
 2 1 1 1 0 1 2
 2 1 1 0 0 0 2
 2 0 0 0 0 1 2
 2 2 2 2 2 2 2
(1,3)で 深さ 0 での探索完了→(1,3)を埋める
 2 2 2 2 2 2 2
 2 1 1 1 0 1 2
 2 1 1 0 0 0 2
 2 1 0 0 0 1 2
 2 2 2 2 2 2 2
(5,3) 検索開始!!
(3,5) 深さ 0 の探索開始
 2 2 2 2 2 2 2
 2 1 1 1 0 1 2
 2 1 1 0 0 0 2
 2 1 0 0 0 1 2
 2 2 2 2 2 2 2
(3,5) 深さ0 を割ります
 2 2 2 2 2 2 2
 2 1 1 1 0 1 2
 2 1 1 0 0 0 2
 2 1 0 0 0 0 2
 2 2 2 2 2 2 2
(6,3)は2のため渡れない
(4,3)は0のため渡れない
(5,4)は2のため渡れない
(5,2)は0のため渡れない
(5,3)で詰みました 深さは1です
(5,3)で 深さ 0 での探索完了→(5,3)を埋める
 2 2 2 2 2 2 2
 2 1 1 1 0 1 2
 2 1 1 0 0 0 2
 2 1 0 0 0 1 2
 2 2 2 2 2 2 2
