3000
2201 1760
914 3115
689 40
4455 2313
929 1971
1484 4318
4642 1793
2013 3666
3333 3182
2517 4906
4148 3956
588 2533
325 2664
3319 4872
4526 4958
2068 3684
34 2783
1168 1135
2538 1729
704 548
4816 2339
2771 859
1255 3925
3521 4492
2735 2886
3056 505
1932 2473
1997 2507
4099 1657
384 3383
3400 1239
4112 366
4669 723
2218 581
1656 4200
993 1542
3717 2945
142 4839
4120 4492
4340 1426
155 1717
2158 2652
3126 3393
4856 1079
2241 258
2473 2586
3079 1791
3871 2705
3194 488
2715 1873
3271 2049
1781 520
4636 1641
3565 2493
4200 2847
3952 2142
2322 4019
321 2716
3612 693
710 1718
3712 2749
4303 3824
562 3298
1526 2544
259 4449
3194 3599
1459 1371
3313 3672
2287 4935
3462 1001
3167 909
2252 886
2771 484
2874 4000
3362 3843
2030 1968
2674 1544
2884 3165
3474 1725
4913 2130
3979 3031
2960 2607
3539 4379
1783 4522
1447 1084
981 3479
4227 4468
2523 495
128 542
3185 4209
1358 4890
3522 1515
972 3708
2990 2990
4238 3450
2589 4859
2874 1602
940 3017
2961 1589
3602 634
477 3217
3245 2997
2621 3581
1075 317
3479 3293
4903 764
357 815
2058 725
4402 3312
2663 846
4198 1688
3746 4057
3424 3484
326 4651
889 4737
3600 4664
2054 3400
1792 3236
923 622
4551 4819
1102 162
4006 4212
1698 2868
112 2565
4517 391
4043 4166
1949 3632
1915 4916
3534 2496
2025 3590
2746 2131
83 3232
2533 3874
1440 1020
2344 1130
3232 4565
2622 1974
1427 1419
2234 1426
2077 3482
3884 4382
3036 1680
972 2634
2854 725
868 3561
1366 1905
4311 1554
822 1519
2451 37
1579 3861
1591 220
2643 2445
1364 160
607 1682
1849 4287
4326 4706
3551 4275
1532 2427
3117 1562
1164 1605
3251 2192
1520 2900
166 1208
2015 3909
1535 178
4077 932
1829 1445
1108 2570
4473 3880
2098 4245
4487 2620
106 661
853 1753
842 4687
2502 3543
2081 210
1706 4017
508 2999
1465 15
3070 4193
831 3999
4852 4715
2579 1625
3768 905
3021 3367
274 1788
723 421
2671 4495
1721 2584
2304 2559
3128 2420
4600 4889
1669 3543
3876 3662
3948 129
420 4026
1062 4432
4803 733
118 4768
3092 3998
1508 3822
4838 2690
2358 1252
3885 139
270 1735
3901 828
2073 4897
1571 1445
4764 1303
958 782
2721 3408
3644 1766
4546 1225
4639 2924
2146 631
4637 2390
2070 573
2077 2291
1140 604
3339 4004
1918 1209
3906 2796
2071 2994
4786 758
344 882
858 380
4435 2107
4946 3283
3113 418
3269 1310
4946 4296
4653 342
2355 1214
422 4651
4219 4231
2471 3228
583 212
2079 4618
4755 4537
2424 2015
2871 3130
350 3843
633 68
4738 3773
4588 1536
4152 4083
3721 907
1614 4945
4379 829
1914 2147
2363 1115
2155 3231
890 736
3132 92
2186 4372
2736 2700
1483 1097
2637 1207
222 4353
3033 1982
2331 1185
3634 3248
3739 350
4499 1639
3040 2259
1759 2019
1249 2271
1972 3931
2001 3736
2803 2844
4892 118
3549 1422
4954 2983
4776 1959
1269 2451
2733 4687
4076 4904
2505 918
308 4965
139 668
3854 1695
4104 3050
654 4996
3003 1408
2002 4398
2666 1696
4223 1285
1896 574
2806 4332
3902 4241
2255 275
2976 3799
4533 3291
1766 895
894 4723
2900 2921
1936 3147
2579 2808
4572 3812
1530 4746
1249 3505
3555 3078
3814 688
1662 4118
1382 600
188 1795
1415 4282
347 2857
1476 245
956 826
4316 329
2204 4881
2928 4488
745 2964
2084 4008
1883 1802
3044 3374
1292 1735
1391 362
50 2254
2222 332
1077 3254
1498 2919
4504 2618
551 3642
2536 1368
2387 3233
4933 922
3265 3510
4987 4362
658 207
3424 942
4873 2084
640 3754
2683 4690
3370 400
259 3128
177 2987
2149 1567
4716 4514
527 4215
3422 3675
1209 1004
3923 4139
2400 81
83 1405
3708 4566
1645 1587
653 4468
6 210
3491 2367
2017 3553
4667 4005
4676 3738
650 3338
3468 2705
1944 4698
598 3805
1222 1755
2203 4742
2155 753
4885 1244
4039 1868
2783 2174
4058 2975
1459 1791
3446 1572
894 3845
3953 1429
1446 2436
1993 1268
3457 3708
1324 1111
2449 2331
3723 2032
1217 211
2078 280
1507 497
4099 3661
3354 2481
3614 2748
1002 1496
915 2958
2023 4580
1207 1594
3712 3350
160 1340
1738 2344
2532 1682
3705 3977
3204 1588
347 1190
776 2985
435 3347
1831 4931
2970 178
1488 1192
1783 2058
129 4580
688 1155
4309 4493
1184 3085
2352 1274
3725 2685
4779 3071
2444 679
2184 3663
4506 1830
2067 2422
556 2768
2708 2620
4333 4497
967 348
4392 4247
3775 3451
585 113
1177 2531
2624 454
4466 2385
1776 467
4066 2898
4090 4939
2069 3723
3384 3163
2937 2686
3034 4614
2491 1214
3124 541
550 4175
4441 643
2849 2766
883 1090
4950 3983
3229 3519
2106 4871
2827 2300
1510 527
3678 1190
2002 2843
3632 2557
56 921
4110 2935
767 3048
3741 4411
1374 1923
4649 4844
2445 4294
1843 2987
4053 3351
3388 3712
2570 1365
3546 2512
2311 2593
2745 2445
773 378
3496 4613
2355 4016
2815 2331
4180 419
2678 2506
3247 1055
1450 3473
622 3879
3407 3748
3080 815
4610 2606
2377 4836
1421 4626
874 4468
1614 4948
1638 1526
789 3335
4737 3199
1525 3781
4493 2600
2906 700
4439 3748
4247 4308
1882 4913
4112 2692
1587 4353
3142 1645
4549 4828
1383 4667
3117 779
3018 4161
2362 15
814 4014
2812 2416
603 4298
4630 3292
4616 1155
4979 843
935 3921
1469 2230
1709 1421
793 3884
1500 246
97 842
3782 4839
3919 4779
4581 11
1432 4519
3832 653
1226 2409
104 1193
2147 2053
4179 2757
3871 4761
2002 115
3282 1345
2615 2894
2226 1508
4669 3181
162 4623
2023 1078
2243 1586
1479 3647
2972 3148
1135 1861
1534 4986
930 3869
2014 993
600 1454
2437 1670
1070 2162
3963 973
4893 3960
2702 4564
1222 3124
1141 4379
2823 927
4867 1655
4220 4464
3015 3958
887 1333
682 3545
3300 2746
3352 1504
4415 3758
3677 1166
4161 1284
2936 2001
2432 2617
2014 3451
1812 1397
788 2275
2969 3246
1106 4773
3102 1090
661 1053
3699 1543
3446 2834
4659 1696
2606 279
4277 4953
2506 230
716 3497
4096 4266
1359 2166
2799 854
2450 4589
3717 3142
4450 1512
3095 3353
3390 4088
3298 1428
587 2294
1064 2076
814 4100
4613 836
1783 4868
4880 3128
1639 281
2530 1544
3855 1794
582 1495
1914 349
2175 1573
1101 227
3832 3159
3955 4416
3533 2356
1757 2579
281 1181
2086 3633
2917 1851
2664 3314
2411 2599
1336 3894
4652 490
680 2643
3854 11
2756 334
4006 4818
632 2875
4936 653
4310 2691
3802 518
1923 1571
4208 2876
3745 3702
1855 4908
3541 3464
121 2046
3955 4271
4809 4288
583 847
3949 2621
4933 3065
1978 4990
1607 1460
1108 4932
4884 3698
3649 151
4354 4776
2565 1834
4465 4500
121 2980
4999 148
3646 2494
876 154
3781 4287
1607 971
3291 979
2005 4098
2249 3193
3750 213
1604 3557
3568 1234
1787 1837
1396 2407
3981 3826
1165 679
1485 2359
241 287
2776 3954
491 4430
3629 648
4355 3259
3209 3941
3571 4567
2245 296
3882 2682
1809 1666
892 1924
2424 521
1109 1254
159 3387
632 2133
4274 4124
2083 4679
4047 3344
4170 3532
3359 1213
4337 4218
4539 2155
2117 1833
4271 1516
2282 2427
4136 3088
4079 3885
2571 3314
270 1757
697 3903
1940 2081
2804 43
4088 2996
1430 186
3425 4066
370 857
2040 2864
382 2357
2077 2221
225 1019
1523 2082
2027 1985
3900 4973
3616 4098
3610 4668
3617 3828
2130 2848
1484 391
312 1064
4315 3447
4274 691
4633 2626
61 4773
4570 1997
2800 1867
3986 1213
2836 1460
4553 3310
4172 907
3309 4113
1886 5000
3419 4452
1323 1628
2481 4265
2924 2375
1039 700
3686 2408
4976 3333
995 3743
622 1830
3443 1267
1786 3783
433 1163
1817 3381
4380 303
1689 611
4894 562
4441 913
4957 3039
3190 3584
870 2681
3431 3669
2026 3011
2265 1144
1885 4507
1715 263
1592 3184
673 4499
4139 2397
1673 1115
1728 4548
2865 4143
4070 4589
3324 2494
631 2596
3254 657
4192 1637
3377 4680
4799 628
2321 1474
192 2551
2028 408
1857 2518
1544 3847
331 3689
3796 1978
4319 1168
428 2291
3736 2437
579 3190
1039 4151
1286 679
1548 3146
2490 3318
4867 1833
1917 2363
2199 4176
1932 3435
4307 85
4933 1353
1552 969
4780 4915
3153 4352
758 1089
1636 3636
2739 3855
3198 2344
3714 4660
4198 4412
1423 4529
212 2107
4383 1262
3754 2670
1482 1739
3076 1176
1700 3604
860 1105
4905 936
1243 2793
3842 3863
1830 2546
3573 207
3443 4117
2511 2482
2983 193
2944 3922
68 2065
1551 290
2029 4681
534 3215
3093 1310
487 2356
2928 2957
4125 3559
4201 4021
756 4648
689 4223
4731 1940
3915 232
1288 1715
3801 4976
3817 4688
1613 1844
1797 3774
2631 362
3194 4485
2238 849
4731 4366
4185 3349
1356 1415
1092 2991
217 1905
4158 4639
4940 1383
1680 2184
4706 543
4338 3971
4296 390
4827 4784
1912 739
3288 2348
2221 1877
3987 3194
3001 4111
3196 4879
2050 2504
4822 1447
4646 2990
659 3082
2599 4845
753 4809
2047 4583
3950 3452
1520 2779
2648 970
4764 4955
913 4152
1725 1704
505 618
1760 2555
2908 4503
856 4066
3934 2164
1229 4925
3271 1769
4833 2652
93 4342
4275 4552
2158 2327
3583 4045
3902 4421
3011 2658
4352 665
214 2410
459 3770
2952 1386
1081 819
4119 206
3202 1980
4622 3144
176 2509
3104 3076
3450 907
1947 2413
2310 737
3700 2407
2410 2224
3921 41
2895 3727
1624 1579
4 4802
2276 1852
4817 355
4768 2224
1982 750
3020 3607
1851 2124
1399 1178
3874 2725
4444 4708
4484 4285
1883 1766
3306 644
810 1679
809 1232
2189 2080
3971 1021
3288 2533
1341 4415
510 1660
784 1012
4041 4933
831 3203
3666 686
1141 248
178 3511
1726 1385
431 1937
3878 942
3418 3043
575 3861
3562 1190
1305 1333
1964 4513
3373 1003
2364 920
5 2333
4939 1073
2135 1049
64 3132
2962 3468
2305 2448
276 627
3383 1348
187 4107
2477 675
55 4790
2187 1018
824 3253
3011 1604
1774 2084
2257 4411
3265 2763
3293 2835
1426 2675
4528 100
1336 372
3054 1151
3994 4628
2813 1143
1742 3803
331 4979
3403 2970
850 2103
3965 4632
1384 2732
1632 4598
2726 4346
3228 2871
4275 4894
1676 4097
4742 1994
2409 1686
135 2679
115 1748
3059 1928
1172 1765
1313 2233
630 4374
852 4321
1524 3381
4209 4820
449 3807
2196 607
2647 4237
4730 961
4710 1984
3910 422
1840 3324
2189 2071
1730 3922
3442 2406
321 3442
2257 2360
2370 3915
859 3155
2918 1576
3820 3763
3001 2678
2043 1256
2989 1951
2220 4030
3959 1763
1309 2421
2760 959
2162 869
4579 2891
4297 4469
4905 4016
2866 1322
566 4994
2080 171
2494 4421
626 3440
1093 1931
494 859
3757 2857
3542 4266
732 608
4785 2450
1147 4435
3509 4520
3067 4604
3844 207
2125 1719
1099 4044
3093 2180
612 121
1438 76
1454 3412
2837 4232
253 3696
1512 913
3605 245
4704 16
469 173
2432 873
3316 4534
278 2338
1215 2977
3623 3947
886 2139
4175 3348
2763 3076
3619 2697
4058 1406
1268 1337
780 1062
867 2681
2833 3691
677 801
498 1250
1619 3668
436 4961
1845 3610
4830 4957
3367 1621
2189 223
4 2791
1911 1596
1225 3518
1380 3199
1589 61
3113 1318
696 3085
4974 2668
2811 3039
1506 258
4613 3808
4064 2091
2408 97
3147 676
225 4738
1931 4295
2692 536
1909 4896
2898 550
1092 1496
78 1417
2747 3896
4575 3236
2065 3766
2869 3074
2322 1464
4707 1357
1913 3346
1243 3848
2753 4498
2221 2477
4128 3972
4999 2930
2164 435
3051 3374
4305 1135
1543 1976
349 1047
4368 1139
1508 699
3468 27
2820 1981
1525 2542
4708 4187
4173 1780
4280 4107
1777 1748
4686 1756
2450 2062
69 319
4330 3520
4914 1499
4436 3291
518 78
3591 4570
2228 4174
3619 4086
4800 1801
774 1541
4965 2976
540 1239
1016 742
250 45
466 457
3436 4610
3401 4756
2233 1728
3052 2600
2709 4091
1723 3983
1375 2725
3657 955
230 1425
2825 2762
581 202
479 658
1126 1293
3808 2893
3964 3071
1086 1306
2753 3439
1860 2822
3745 2108
2961 1849
1964 3481
970 1340
1994 4353
2514 3238
961 435
4425 2147
4780 845
2526 3425
3588 1126
1475 1547
3924 1940
308 152
2431 4188
3521 3453
4632 4832
1759 1530
2653 1999
3048 3724
3676 1422
610 3608
3125 3777
4547 3802
3647 3091
1221 2286
2480 1408
2306 2382
45 1833
4454 3811
909 44
3304 2732
3697 4003
2680 1174
1560 3033
995 24
4800 4073
1856 2438
1798 2808
1950 4293
1093 4394
4450 4768
339 4582
1366 4947
324 3592
4929 3349
1044 342
4213 2398
2758 1274
635 3017
3828 115
85 3156
2675 44
2818 1552
315 2963
1622 4707
3370 4122
228 3132
4224 514
825 1115
1009 1902
3078 1977
925 3932
3865 1951
4520 4900
241 2908
174 4972
4835 524
121 3081
1826 133
429 3102
3484 3907
1243 1951
1361 4719
1414 2167
1787 4804
90 2682
3043 4181
3910 972
1483 2105
831 1245
2318 4039
1394 3053
3215 2000
95 4275
1951 3976
2735 820
4671 458
4384 447
873 4939
4729 2468
3847 2793
3467 277
2827 2623
4243 875
1324 195
4376 4095
3605 4719
972 3818
345 3349
2955 2383
4131 4045
2811 478
2802 2716
134 4927
821 4435
1155 4099
1389 3250
4346 1754
4334 3076
3546 4051
757 4680
586 3135
3458 1211
1728 4522
934 1156
4566 3051
2255 3416
1367 1408
436 4413
1235 3752
1683 47
969 1618
3926 3084
4496 3815
3904 817
4008 3456
2948 4991
285 807
3967 2142
848 1585
3086 1768
303 3065
2719 3274
3926 4617
59 693
4150 3190
434 1230
970 3600
3780 1014
2805 3417
2802 2222
3042 4074
526 722
4313 810
4042 2779
1989 1881
2955 4961
4208 2463
4242 705
2874 2810
1815 2367
4422 4878
4416 4361
2229 3050
2644 2061
4910 705
2228 2870
1450 3713
2853 2933
3397 1775
1549 2409
4343 3980
3393 2555
1382 1065
3432 2792
3686 226
4440 1607
2195 336
1561 4050
361 2302
131 1209
1964 747
1569 1384
35 4317
2183 2027
4384 1999
1456 4848
4016 444
684 584
1031 1021
3406 581
2518 190
3554 745
377 4278
3085 2667
622 2089
3391 64
2711 2437
4013 3346
4312 1167
4935 1953
4410 2807
2728 875
3587 2828
1968 2021
4851 3291
2153 4465
4103 2787
1689 4870
4965 2235
2593 4611
4425 2908
2962 1024
94 2319
2650 586
1367 648
4555 4699
2425 1724
607 4887
2841 3532
1500 1090
863 3534
2305 1881
3901 1680
357 1052
3467 1037
3719 1851
2303 1953
4217 1903
1732 2160
3191 2785
3269 3211
1778 1900
2642 2671
1274 3303
2964 2160
2949 4333
3305 3486
3980 2003
308 2683
579 1250
3149 1219
432 2395
568 937
3706 59
3399 3506
4354 869
860 1681
185 1324
3086 1138
2815 1035
3824 4066
3186 1036
1385 4
4712 2550
2621 64
1431 1309
3859 2893
1795 3601
189 3481
4162 2116
4997 10
4956 4879
2704 1269
1329 972
1858 91
4683 951
1823 297
623 685
1144 2561
666 2312
1647 4701
1365 4355
2165 1169
1304 1488
2667 3492
4919 4689
3228 2738
2203 3675
100 3024
1245 1672
2777 3353
1039 239
1740 3090
4688 2722
613 1548
3539 1598
2321 3764
1723 3906
3032 890
345 1192
4383 2819
472 1530
1059 566
3933 1186
2072 1621
4060 817
4314 3735
2961 3520
1111 2278
2387 1268
1031 3192
1459 768
1746 3258
549 3072
1959 4233
678 2148
1549 2849
1808 4280
1642 4118
360 4495
82 1406
49 3498
611 1724
609 1420
1463 1581
758 4415
3270 4902
4255 2595
2136 1236
2591 2781
2869 811
2017 2997
459 4656
2576 1118
1748 1159
619 3188
420 3758
2304 607
4536 908
3624 3260
4168 2738
2647 3186
1341 430
3350 4757
1535 1401
1402 297
2281 2547
4703 572
4052 3567
3691 955
3386 2528
3171 1819
250 2284
2116 2755
3860 4427
4918 4386
1973 3336
3004 2838
3873 490
4574 4511
1186 1653
3278 2060
4724 4604
936 4066
4022 3884
2537 1318
1201 3705
4006 771
2830 4569
1708 4616
1462 3197
4150 860
1845 4249
2544 4993
2264 1546
3008 3939
2853 100
2273 3988
1310 3722
1563 2726
1058 2967
1871 2290
3064 2719
1870 418
4747 215
3052 688
1779 2345
1031 4245
1298 4833
2254 2666
3384 1785
1108 3650
952 2090
4304 2688
1794 2532
1348 1951
241 2695
4261 3771
380 2617
1465 3074
2283 969
4491 665
4175 4672
1436 778
1849 3741
2721 1466
3544 3238
2170 4602
617 308
4153 2565
2661 771
2229 1287
82 2541
4308 393
2664 4901
1274 3122
4659 2176
1278 4452
824 2965
631 133
3863 2932
2256 4160
2217 2660
5000 685
1273 717
1972 2096
2940 1640
2518 1387
1676 283
1357 3159
2138 500
100 1467
549 2459
850 2813
4086 1616
40 3331
1966 1046
1501 2109
2055 3117
4260 4738
4507 2854
3678 3041
4372 4351
596 1551
141 3435
791 1249
2296 4161
2671 4465
3441 1655
2788 3984
3590 1921
1562 1849
1893 130
1686 2787
1817 1465
3105 1699
2312 2351
2685 2335
122 3378
186 716
721 3011
4986 697
3322 4421
2910 3162
4212 3509
35 4478
3459 2029
1082 4847
1506 3087
3240 1025
356 895
0 4887
1988 1111
2491 4070
2172 1738
4798 2189
3186 2601
1201 3344
1492 2905
2041 4642
4029 4231
3743 3458
1762 4592
4157 810
763 176
1044 3501
4742 1660
3593 1910
273 799
744 2990
1916 4650
2248 3006
4333 2110
287 2774
687 3957
473 1526
3385 1668
176 4025
4538 4029
2835 1385
1122 1979
3641 4150
2244 2913
3556 184
4042 2917
1969 525
3630 3306
30 213
4116 1125
4914 835
2822 216
570 1316
3331 4357
1488 3598
4389 4504
2041 347
1278 400
4792 4360
447 387
3315 1156
2979 165
297 2807
2891 1334
758 4910
519 2315
3343 3924
158 1880
4610 1407
1739 1651
248 2230
2972 4743
4349 2979
202 4063
1992 4261
1405 690
2921 3143
4491 1871
4402 533
298 1313
1798 2895
3974 4135
771 4319
4805 4925
4533 1611
2584 3963
2315 729
1201 642
4458 3422
3983 3194
1977 2726
4342 1940
3624 2954
2589 984
2674 2359
2149 2442
3938 1833
2627 4441
399 4438
3558 3479
4857 3674
2862 4293
963 1660
937 1925
2173 1144
1659 3673
3394 4766
2825 359
1761 667
1355 2358
1334 2251
2382 2172
2566 1578
2611 1551
3327 2239
241 4276
1088 496
3726 3849
3349 1206
3597 745
4704 1903
1133 4484
3185 3520
2986 16
570 2371
2746 4287
3180 4157
512 1290
4388 2861
2309 881
3769 193
3483 2706
1703 4684
1991 2036
3897 3242
4777 2000
3966 1101
4132 52
4038 232
1582 2520
1351 3523
3168 2485
1817 843
2747 1060
1155 4170
2974 558
4135 3008
1023 2522
4739 2462
4556 4061
293 4007
4811 3472
4013 3380
3276 757
760 4989
1965 995
4119 623
4906 3625
2789 937
1821 1154
4308 1720
2713 1629
1375 4974
2814 2222
2089 933
1958 4884
2639 4417
837 3190
4214 2027
66 3111
398 355
3082 975
2315 1107
4538 91
2815 2240
4547 2613
3205 4836
2544 4953
1807 3699
479 827
132 759
2216 3855
4537 1848
1358 3200
4283 2693
2042 184
4820 2005
3262 1435
3803 2198
378 4168
3947 2926
2496 934
2703 1012
502 3342
3676 1465
2810 3056
2209 1127
1376 4282
4471 2049
2669 835
2577 225
4718 1361
3446 2085
2386 1804
87 2941
4039 1914
3508 14
3521 4839
3357 3478
1343 29
3251 495
4896 2549
1226 4919
3554 4870
4738 4049
4614 1519
4013 4927
3526 1516
4914 270
1649 2458
3035 2949
2866 1054
1456 172
1664 959
3512 1785
1693 1985
687 4434
860 2674
1997 1022
2502 711
2179 2627
2244 3390
785 4703
5000 4527
670 2228
1852 4734
2472 231
845 3905
239 2471
3369 3183
4644 3116
259 767
1982 2013
3022 4373
1889 2907
2682 3359
3099 1046
1396 2338
4052 437
4872 1338
2807 2127
3994 4642
3831 4620
2683 2950
4432 3789
3152 2416
2620 714
932 1481
4150 105
3381 756
1357 3775
4991 2755
4009 3725
2643 3091
1393 2907
3151 2822
2512 2733
2248 993
2602 2461
4009 2400
872 2620
2927 1324
2168 3559
790 523
4922 22
2088 1764
4052 1071
4802 4424
3821 2813
2646 4260
3827 3901
2246 4434
3659 2213
3258 636
3476 2823
1235 704
2863 3938
2291 4569
962 3932
2436 2582
814 3934
1909 163
345 2702
3630 4495
1034 366
4571 2496
2642 1307
2494 817
3049 1025
4624 4536
4058 1247
4689 4631
490 2142
399 4847
147 3337
4954 3287
1880 1072
3363 3162
4354 1245
1180 493
1234 3933
3797 3049
4413 3382
973 1469
3009 2722
633 2993
3872 734
1001 4520
3488 4943
3896 4961
3634 2846
3168 4824
4721 200
2345 4413
647 3316
1893 1338
3183 3530
3631 4021
4975 4492
3192 1384
2774 1771
3676 3192
2583 579
4814 474
1475 4803
4654 3707
610 2207
3313 3056
1509 2905
3023 4451
1145 2544
4788 1447
2032 4027
406 3753
2991 2434
3260 1493
3859 3462
3598 2908
55 3176
845 4046
4256 3491
2587 4789
4583 186
2502 2012
1300 2456
929 1416
3847 1674
4937 1984
3887 2466
2392 4177
3425 268
3416 732
4866 394
4599 4004
426 516
1299 4060
2767 836
749 2864
186 2458
2166 3553
4131 1278
2321 3013
4271 3540
4950 1090
3745 399
1206 3006
1409 4590
2375 4170
876 1335
2008 525
1480 691
2777 2728
3471 1044
2598 3322
2816 4492
4363 4442
3656 3226
2106 3070
2163 3001
1218 1018
1799 1347
2354 953
457 1392
3154 3717
3814 4424
3274 4190
2835 3767
4266 1106
4407 2394
400 457
758 2650
3098 2671
1718 4206
712 2164
4369 4563
3253 4967
4735 3390
2060 2470
2457 2163
4080 3356
880 1974
711 4869
2878 4239
3281 3341
4905 3916
4329 3622
1126 4089
3994 4557
3453 149
4975 2692
1717 723
1177 2738
1039 2627
635 1567
1753 1786
4012 1841
250 3271
2544 4669
4035 1201
2916 3567
3443 1555
3242 1073
1607 75
3957 3794
602 2312
1957 1086
2869 3296
1740 3607
281 59
1878 3068
2609 42
1561 279
3928 4881
4394 4696
3000 2581
551 1536
105 3425
65 906
4643 4648
803 2487
2785 3480
2631 3549
1029 174
4451 2999
2264 2499
3164 610
1894 4231
1238 2922
3639 531
4309 519
1686 973
3957 257
2521 3999
1112 2901
501 807
1814 4461
3798 1113
2321 1127
4954 2673
354 3630
4476 4480
4207 3220
560 379
2765 1279
45 4777
4071 1414
1929 2702
762 858
2825 1634
611 2770
4515 994
3082 2224
1672 1233
3036 1957
862 4978
2310 3293
1545 172
258 2893
3040 4597
4573 2674
4306 2332
24 2595
345 1804
761 2217
3422 667
2433 4178
2544 4950
179 3709
3189 4885
2027 1668
2101 1303
2222 4799
1659 4863
1265 464
4122 3297
3581 2346
4335 1068
2119 3460
2503 3708
483 3392
366 3608
97 4280
3793 2166
3693 4243
1292 2629
3705 3954
4138 1924
3137 4114
511 924
3492 1844
4745 2136
101 1223
4800 1206
3510 1025
17 2802
747 4002
2747 1549
2570 360
2277 2615
1903 2243
1961 4448
2802 3403
4798 3623
834 1062
4112 1917
4832 870
3194 923
4036 4320
3856 4467
1203 2913
3228 1306
1383 577
521 4326
3870 362
335 1513
898 2331
1926 4756
4981 2435
4106 1389
945 1036
1883 3124
203 570
3458 2376
990 2567
4049 3919
211 313
2911 3053
4986 3555
4644 4192
2138 1073
4409 812
270 2238
4871 1083
1891 3398
122 1965
1588 1945
406 1017
2021 2157
4732 4863
419 2281
4331 4399
772 854
4798 3910
3509 2091
4202 3103
727 2159
4159 4598
2276 3556
2820 740
1905 2143
2539 2366
145 3457
3857 2454
1396 2527
1307 830
2426 1338
3744 4735
2815 3555
1744 4049
4411 1828
4351 3683
4806 3568
2822 2381
4329 2156
1130 1526
3820 2237
3440 3134
229 17
2613 3610
2326 2199
1136 1602
2919 1237
2111 4436
2711 4250
566 4855
2104 1454
3929 153
1709 1659
422 73
1143 3228
2989 4117
741 2434
121 1174
2663 4782
139 2565
3010 4711
571 1576
3328 2752
721 4616
545 1288
1691 3035
2157 4766
2240 2211
2015 1153
138 4512
4383 3249
3019 4811
2480 132
3 482
4769 2253
3658 3820
1287 995
3914 4792
3303 210
54 724
3910 415
2157 732
466 316
1731 2512
1752 4740
2115 4944
1113 3605
4670 4207
2501 3572
3396 305
915 2431
4540 1979
1791 2176
2700 479
3788 4700
1467 2440
4496 81
4399 2479
1826 1831
175 534
1168 1563
821 1844
2849 4385
2304 2158
1737 3864
4079 4415
461 4077
348 1553
3700 334
4378 631
4940 3843
2026 2381
2483 4393
4068 4141
2539 740
92 169
4796 4116
4878 1168
956 4460
3825 1877
2457 2575
1598 3004
1740 3994
1896 3889
2111 798
1955 3594
543 2771
2627 3101
1650 2178
2943 3337
60 2178
1207 843
3362 4397
910 1545
4183 2331
1969 3809
3550 3118
1181 4076
1691 648
197 1823
2025 3340
4252 4419
402 4271
3356 1131
883 4489
1486 3005
4876 2221
3207 3095
3493 3604
3788 1031
3206 3042
536 1290
3405 4982
2100 1390
3456 1743
4523 2379
1081 733
4941 2023
905 3005
4445 1971
4204 568
1229 4559
3252 3719
1535 567
4165 2700
4361 268
3822 1796
1976 3135
1464 288
2520 918
4971 2384
1339 2256
1533 4618
1807 1077
1426 3189
1246 4823
243 1929
1615 3261
798 2662
211 4885
1820 1371
3577 3115
825 2442
1047 4376
3589 1090
1660 2513
2825 3864
1007 2798
1256 1391
1353 1513
1845 3237
2984 3722
1395 4472
3892 2719
2883 406
2147 3817
2181 4287
2514 4176
4926 346
1946 4418
83 4786
3100 2433
2386 3909
1489 811
2159 2004
3654 3252
3468 3274
4648 2591
3448 1700
1019 4630
306 4546
3321 3965
1751 174
3646 2641
661 768
194 1560
3343 4321
4058 4101
192 1123
1892 1105
4599 2141
2865 4702
1284 1075
2163 2528
789 3213
4891 800
4539 3047
4992 4001
3457 2832
1504 3538
3162 3621
3827 2388
4018 2761
3825 3496
4176 3281
1760 2319
3064 2215
1657 2401
1604 4441
1998 1140
1332 805
1012 3497
2462 3940
3450 3849
2770 1364
3337 4645
2411 3304
3659 3999
4820 1635
1039 3226
1989 3353
1318 1508
2465 743
4520 2300
4462 874
4416 3519
1382 2586
4288 3254
2037 2448
3763 1458
613 570
1673 1792
1177 4712
4080 3952
1073 3598
3261 4347
3705 524
1136 4806
3992 1939
201 4432
4624 4874
1155 2339
271 2295
3468 2098
3900 2944
2319 3824
3280 4947
3975 1110
1175 3299
870 1938
97 1862
2835 2351
4572 3583
1599 4318
4644 3656
1933 1018
4060 2331
4759 2543
2115 3268
1826 3965
530 3025
499 2317
4343 3408
3746 1601
3414 4301
2458 2848
1709 1146
1601 4069
3018 947
4327 1418
4242 1908
2930 3077
2122 4942
4239 4119
2958 610
1221 202
152 4877
1792 3488
3448 1723
171 3551
4746 507
443 3723
353 351
4659 4371
1207 3185
612 4968
2723 4665
1704 2671
3224 2398
3863 320
3666 3703
1626 467
2048 4169
336 1872
42 3697
2831 4244
2046 2560
726 1264
3348 3227
4334 1731
2992 1185
4733 4399
4135 3032
1384 4608
3293 854
2025 178
1935 3811
4933 2561
4397 859
1497 1492
2084 3549
2540 2996
1327 2042
2437 1766
2844 3766
2714 169
1869 1750
2107 132
3771 4649
2530 1026
641 1270
3014 517
3487 3079
1824 1104
3663 3806
168 536
1256 2100
715 1952
4659 1549
4628 4982
4422 1843
236 4067
3116 4960
1158 953
2368 4761
3359 4616
374 1675
4145 689
899 1200
2733 406
1800 2984
2288 4190
2328 3777
447 2083
232 100
3662 126
4743 2108
1290 2590
2650 596
4033 1484
2001 528
3363 2304
2237 2130
288 712
4766 3724
1125 127
3686 2645
4895 1599
2374 3983
1233 2191
2049 4574
3522 4293
3519 4976
4688 2379
1707 2300
1687 1143
3657 3412
3272 898
1371 1585
1721 2197
3057 261
265 2316
2743 2551
3233 4140
1520 1656
3133 506
4895 2852
820 76
1182 2206
546 4461
649 4141
3035 4987
2191 3813
1685 329
694 2026
418 3254
3759 1063
3333 111
2883 3595
4444 156
4991 4585
3080 1563
421 3116
4865 4606
3173 1463
4369 816
550 2180
367 1366
4093 4628
3983 2162
3923 4092
4596 2223
3806 4831
4462 4452
3469 558
1161 4688
111 932
1594 3364
2987 2903
1055 3201
4936 4641
1838 1312
1527 4326
3751 245
4482 4539
3745 3678
3546 4012
2459 3977
4256 4484
1534 3934
2286 4163
83 1467
1052 2452
2092 2529
1494 4540
2331 3917
2991 2469
500 1326
1875 467
707 4127
1665 3740
4067 1897
3281 828
3961 3868
4648 4286
1219 2690
522 1100
2501 2248
156 2559
2819 2130
2893 3268
277 991
1635 1714
4660 1021
1712 2175
3607 3626
3962 3776
3853 585
1607 3895
305 2527
3460 3213
1350 3943
1518 3086
4225 3944
3593 4959
536 2062
299 4024
3929 918
3039 3086
3507 2448
1091 1672
1140 4310
282 1563
80 11
1640 1455
1441 2151
4410 2051
1256 4159
2303 3979
2293 2939
3830 1421
2020 2114
999 2161
4889 2538
3925 1048
2662 641
2069 304
385 3976
4411 3314
3875 4524
1058 1331
1779 3310
230 901
2204 4554
3845 1470
4390 4954
2569 28
3871 4627
738 4990
4910 3565
4651 4300
1536 3924
4303 1408
935 3303
3827 1538
291 964
228 1659
18 3617
21 2206
3445 2056
3359 3309
4047 4687
1281 4251
151 4912
2597 2304
3711 1979
215 1986
1872 4848
124 4786
1952 712
2653 330
2652 3312
1947 3711
2229 974
3512 2161
1714 4984
2908 4296
974 4882
4775 3737
822 3285
3855 4103
524 3606
4943 2189
919 4406
4912 1943
1237 1385
29 1654
3518 2752
815 4884
110 4921
3752 4271
4355 782
4614 1952
1588 3950
1943 1960
4920 3367
3419 3061
461 2963
4748 4419
682 2544
1069 3659
100 2569
4752 4558
1920 898
1168 1564
3743 4878
1529 2766
2477 3028
3747 3331
493 847
3726 1763
1260 4432
352 2268
1413 4440
1701 758
2934 756
2145 4564
1320 3984
633 312
3175 3110
4016 4623
3886 4889
1510 3011
3037 4108
2770 970
3487 422
3088 4283
2199 1585
3184 4003
1939 1901
56 2913
3564 248
4690 784
4685 2304
1655 4157
151 3594
3515 2557
275 3865
2842 1754
2226 4335
432 3273
3318 2600
2908 576
4165 2504
1083 3546
4883 1488
1867 1580
485 802
4358 2984
4515 3389
287 2947
1795 251
2659 2963
4287 3676
1376 1696
4172 3215
3995 3728
3865 3107
1278 993
1631 2777
1048 2107
4510 1036
4357 4618
3107 24
813 931
2827 941
4292 1226
2672 554
3041 4122
1116 3608
4910 1764
4921 2898
4360 374
1729 3155
3640 1018
3425 1643
2507 3134
783 1243
1155 154
2026 3611
4410 265
1804 3110
4813 4296
3393 1121
2266 536
2387 2890
3967 128
4003 3771
1012 3742
2368 3319
1450 928
2913 4016
4905 1530
114 4739
4817 4464
699 2017
4961 2379
1227 1447
723 4403
2539 4240
252 2989
3753 3608
1060 714
1779 4673
194 3143
3196 833
1504 2218
4400 4244
3361 4795
2226 2291
2718 1640
4542 4259
4815 4577
1311 4081
1612 1323
2364 2613
2378 2748
4859 1091
2600 1129
270 3749
3849 281
4278 1634
1109 2472
259 640
1971 3645
548 3002
288 2390
4917 1421
109 1893
1947 2835
2968 2216
2518 3600
470 4822
805 4669
4585 4016
332 1324
1888 1744
4004 1710
740 1334
1235 2368
2819 1331
4615 3086
3500 1757
3552 4532
3460 4750
3784 119
2164 3255
710 1982
2974 3749
1750 3145
1382 4375
855 716
371 2062
2055 1875
3276 3386
178 584
4980 2754
2559 3965
881 1182
731 952
1511 3846
1326 2277
2115 1130
3252 3736
4896 3686
233 2076
3559 3578
509 124
1256 1662
1410 1923
1779 4984
584 2014
1078 1975
4338 3830
2989 2256
359 896
2974 3746
2128 1135
701 2406
3283 4548
3950 2056
2245 1051
770 2074
2956 4103
1794 2780
1459 2520
4120 3550
2415 3667
3284 1373
2645 1192
1752 2659
4623 929
3503 589
4229 2033
2353 1246
433 3336
4902 4980
3158 3599
1245 4571
1642 969
860 3542
3551 4171
2055 2494
2182 1012
2758 4182
4835 3535
2479 1538
4778 2338
3282 2855
4203 2708
2065 4995
1097 1424
4520 3289
3295 1641
2123 1725
64 2219
2701 4870
4096 4965
3426 583
2564 3211
4919 1221
905 1704
1450 1320
1626 912
900 4738
679 4189
2934 3372
118 341
4985 2784
2204 2750
3785 29
415 1090
3405 316
3064 4351
316 1905
1705 2932
3873 2479
895 2710
3455 4974
1380 3062
1367 121
3843 3192
2653 3650
1366 3369
2504 4656
4564 2390
765 2958
3882 729
883 4210
1950 4491
2445 2032
2139 1095
3809 1967
1958 1270
827 1982
1153 1903
3121 356
2479 2544
1772 4468
1251 364
3964 487
1768 4642
4000 4049
2393 3328
2794 1550
168 2958
3395 3111
2446 679
4975 3386
3295 3465
3782 1252
2989 4239
2750 4131
3488 3702
4302 2922
742 4027
4585 2101
513 1512
3723 2634
2391 1595
537 3077
1195 3469
4772 95
3061 1743
4870 4032
820 1982
4788 3323
2868 31
4879 975
573 110
314 337
2535 4154
3299 1265
3707 2754
1008 3560
1997 1755
4693 264
181 4054
1826 2793
3189 2706
937 2519
4830 4557
355 774
3499 4237
998 1399
1324 4114
3284 398
673 2249
2088 3231
1994 1907
1255 4114
2626 700
2187 1283
2376 2013
1305 3291
1054 3304
4220 3649
4846 1542
2250 1232
2305 2465
119 1745
891 1197
2404 2271
723 717
932 4591
96 3445
4244 2267
1198 4221
2537 4241
