500
2757 4610
2067 2259
3882 4574
812 1487
544 1621
2755 3032
4267 3753
2888 1703
3402 201
4684 355
2852 4907
591 3445
75 1748
4843 1804
3461 4692
4477 1646
1092 3533
2963 4775
1976 4937
2819 2081
1009 3821
26 1789
102 2774
698 181
253 3156
4431 4159
714 69
2893 404
2632 539
2594 3358
2147 108
2285 3513
1311 4935
1180 439
4593 221
2787 670
1191 1267
3770 2842
4703 3188
2560 3892
3549 2201
798 1165
4044 1307
1866 3685
2302 2965
3164 4295
3540 4349
1282 149
2777 3926
2194 1069
1911 2496
4922 1816
1173 2744
74 4186
3456 775
4227 2956
1371 4817
863 4271
65 1570
2519 4452
2473 98
1279 4367
79 3762
1364 2819
1475 3120
4341 2699
2214 4389
3317 399
2531 845
3688 4445
2752 2569
187 3347
3322 258
2408 4574
61 238
2811 2387
2350 3414
626 4684
2018 2345
1028 4294
1357 95
1025 3949
4236 4171
4024 3363
3362 2505
960 537
3115 3675
4427 3702
1238 1635
2036 3240
4063 920
1320 2270
3897 3815
1800 810
248 1862
4150 2470
698 3947
4689 3471
1300 1071
966 3493
1402 841
211 358
805 4040
3017 4899
2582 2381
1713 1040
2112 1920
3759 426
122 2818
151 1765
2180 1788
1204 768
4541 4032
524 657
2215 1519
3325 2353
1101 1648
4624 2049
4314 4305
3140 391
1758 4974
479 2905
395 1510
4377 3150
3634 914
3124 4857
2247 4473
689 2084
2758 3556
1455 1724
306 3448
917 1478
1825 52
3498 4200
870 720
4089 3203
906 4732
3612 584
1611 1354
988 419
600 2113
1126 4787
4530 3492
173 2301
629 3744
4244 2829
129 3757
2365 2297
2727 3172
3365 4115
262 611
156 4817
3594 3260
1367 3591
4527 709
4705 1388
638 4990
3171 1356
2464 3264
3386 3408
794 4902
744 2474
3913 2840
4843 4442
886 4050
1889 1115
1778 1230
3112 4677
1417 2745
1818 284
1499 1983
3470 3855
4761 625
4434 4109
4202 4264
3952 1545
3366 4715
128 868
3265 619
2558 1886
4322 4184
2550 4928
1737 568
2096 4639
2580 1785
1858 3183
3572 1692
1973 3995
3492 4333
1339 2888
2933 3419
4518 4569
2043 906
1134 3241
392 2731
3035 4358
1040 3038
2684 2955
2186 1939
3670 3684
1486 4495
2169 711
1850 1989
2031 4565
67 4131
4279 2680
1064 3567
1588 753
4960 4690
2558 3686
2371 4317
3215 16
2387 4165
2141 3725
3457 263
325 1875
4716 1493
4697 3083
342 3641
911 3509
2862 4404
1392 4508
250 4304
963 669
2005 977
249 1205
338 3096
4584 3826
2388 2054
4315 4965
905 2858
3097 3742
269 2869
1077 27
4514 4296
620 2931
1230 1432
4012 652
1546 2513
4829 2934
595 3948
3940 797
4814 4259
3821 3226
6 1715
4464 3126
4096 4880
4635 1398
3639 4238
4598 240
4799 3913
1014 3239
3897 236
778 2161
1242 129
3841 3115
2513 3889
598 2631
3821 850
2450 4761
4331 3353
790 1531
528 1921
3229 4187
4052 2081
668 4511
3335 320
526 38
4271 4291
4527 310
2318 2556
1279 3172
2421 3870
4722 2740
3829 2755
663 451
2613 2722
1520 674
4535 2228
4181 4265
4723 3384
4982 1637
3485 640
4815 2572
4365 4927
1690 2750
3968 2527
246 2250
1644 2170
2231 1282
285 1577
2911 202
3014 455
2358 1453
2206 62
3865 677
2835 4184
1729 4109
1440 4775
2108 1520
2167 2077
1602 46
3746 1160
4312 3801
1466 2632
3779 2666
3711 2787
1322 2866
239 2540
744 3063
3554 4946
2153 3300
4286 822
1592 4181
417 4581
4529 582
3555 2992
4604 561
4631 59
198 796
2336 740
4965 933
4351 3703
4081 4052
2578 2564
458 771
2525 4571
229 1997
481 3633
652 4770
4865 1593
4498 4693
2603 1093
2056 1803
3620 2305
1067 765
3503 2400
378 4863
1160 4894
2126 4087
3941 2958
3519 2145
1159 4344
819 966
2885 4016
82 763
712 4018
2349 4119
230 818
2155 2140
1434 4576
412 2018
3826 3206
1488 4591
2406 154
4821 1607
672 1963
718 3426
1754 672
1105 311
4306 366
3012 557
2038 1236
4626 4502
2272 4245
177 2868
4771 3177
2077 3050
3133 4877
3741 4035
1794 1443
1247 269
1322 918
822 1385
1902 2719
1011 4330
3163 3152
4725 1661
4585 66
826 2863
2689 1299
3363 12
1353 620
870 4548
316 553
110 138
330 4758
4369 4222
2796 2060
4291 2860
4088 973
1028 1891
3884 821
3022 4864
3682 745
815 1546
2163 4864
1989 2063
2840 3770
4356 1979
3620 1108
1313 3954
1920 2837
3228 4953
4944 4156
4715 4915
1109 2880
4680 4446
4372 3448
2647 630
3215 1424
2796 4233
4108 3639
3946 702
1252 135
1840 121
452 1933
3174 4380
1526 2800
122 2133
1849 4371
3204 1284
28 766
2916 773
4277 829
3990 2631
3390 969
1086 1057
1634 569
739 2301
4873 1753
4837 3771
1676 2072
2080 2365
888 2444
4150 4536
2182 3606
2516 478
3327 3668
4960 3516
362 1959
3611 2480
4509 4958
2883 1010
4576 473
302 4584
292 4534
204 550
3421 428
127 955
3628 4748
1832 3020
1515 4075
2039 341
3808 3960
1335 4001
840 4074
1346 4989
630 3663
1055 1905
351 1742
4226 650
4605 2117
1688 1422
4159 2511
1687 1523
1252 2640
3923 3059
848 1837
2980 609
3574 323
3028 3269
3216 1488
800 4281
3774 1804
558 4162
4587 4532
2871 4720
2689 2141
486 1701
3084 1428
2817 639
130 1694
4944 2884
1156 1723
2303 1555
3598 2968
4728 2224
4586 4443
604 2821
2120 4566
2831 1066
3075 4105
3842 2957
1262 2010
4068 1818
3196 805
3491 3400
3456 2209
2346 1195
